Date,Universe,Factor,StockCode,StockName,FactorValue,ValueStatus,SourceRow
"2021-08-13","ALL","OP(12MF_1M_CHG)","A000020","동화약품","","BLANK","14"
"2021-08-13","ALL","OP(12MF_1M_CHG)","A000050","경방","","BLANK","15"
"2021-08-13","ALL","OP(12MF_1M_CHG)","A000070","삼양홀딩스","","BLANK","16"
"2021-08-13","ALL","OP(12MF_1M_CHG)","A000080","하이트진로","-1.05898181502539","OK","17"
"2021-08-13","ALL","OP(12MF_1M_CHG)","A000100","유한양행","10.1285248417418","OK","18"
"2021-08-13","ALL","OP(12MF_1M_CHG)","A000120","CJ대한통운","-.957398186235588","OK","19"
"2021-08-13","ALL","OP(12MF_1M_CHG)","A000140","하이트진로홀딩스","","BLANK","20"
"2021-08-13","ALL","OP(12MF_1M_CHG)","A000150","두산","-2.90060851926978","OK","21"
"2021-08-13","ALL","OP(12MF_1M_CHG)","A000210","DL","-2.3678941412031","OK","22"
"2021-08-13","ALL","OP(12MF_1M_CHG)","A000240","한국앤컴퍼니","3.84559517757282","OK","23"
"2021-08-13","ALL","OP(12MF_1M_CHG)","A000250","삼천당제약","","BLANK","24"
"2021-08-13","ALL","OP(12MF_1M_CHG)","A000270","기아","5.26417632641025","OK","25"
"2021-08-13","ALL","OP(12MF_1M_CHG)","A000370","한화손해보험","","BLANK","26"
"2021-08-13","ALL","OP(12MF_1M_CHG)","A000390","SP삼화","","BLANK","27"
"2021-08-13","ALL","OP(12MF_1M_CHG)","A000400","롯데손해보험","","BLANK","28"
"2021-08-13","ALL","OP(12MF_1M_CHG)","A000430","대원강업","","BLANK","29"
"2021-08-13","ALL","OP(12MF_1M_CHG)","A000480","CR홀딩스","","BLANK","30"
"2021-08-13","ALL","OP(12MF_1M_CHG)","A000490","대동","","BLANK","31"
"2021-08-13","ALL","OP(12MF_1M_CHG)","A000540","흥국화재","","BLANK","32"
"2021-08-13","ALL","OP(12MF_1M_CHG)","A000640","동아쏘시오홀딩스","-3.71123538383324","OK","33"
"2021-08-13","ALL","OP(12MF_1M_CHG)","A000660","SK하이닉스","-2.91045983191976","OK","34"
"2021-08-13","ALL","OP(12MF_1M_CHG)","A000670","영풍","2.55231087606346","OK","35"
"2021-08-13","ALL","OP(12MF_1M_CHG)","A000680","LS네트웍스","","BLANK","36"
"2021-08-13","ALL","OP(12MF_1M_CHG)","A000720","현대건설","-.923733520418605","OK","37"
"2021-08-13","ALL","OP(12MF_1M_CHG)","A000810","삼성화재","","BLANK","38"
"2021-08-13","ALL","OP(12MF_1M_CHG)","A000880","한화","2.35188749520969","OK","39"
"2021-08-13","ALL","OP(12MF_1M_CHG)","A000990","DB하이텍","7.96401867820208","OK","40"
"2021-08-13","ALL","OP(12MF_1M_CHG)","A001040","CJ","6.94451431158508","OK","41"
"2021-08-13","ALL","OP(12MF_1M_CHG)","A001060","JW중외제약","","BLANK","42"
"2021-08-13","ALL","OP(12MF_1M_CHG)","A001120","LX인터내셔널","10.8398055540035","OK","43"
"2021-08-13","ALL","OP(12MF_1M_CHG)","A001130","대한제분","","BLANK","44"
"2021-08-13","ALL","OP(12MF_1M_CHG)","A001200","유진투자증권","","BLANK","45"
"2021-08-13","ALL","OP(12MF_1M_CHG)","A001230","동국홀딩스","-1.2391773799673","OK","46"
"2021-08-13","ALL","OP(12MF_1M_CHG)","A001270","부국증권","","BLANK","47"
"2021-08-13","ALL","OP(12MF_1M_CHG)","A001340","PKC","","BLANK","48"
"2021-08-13","ALL","OP(12MF_1M_CHG)","A001360","삼성제약","","BLANK","49"
"2021-08-13","ALL","OP(12MF_1M_CHG)","A001390","KG케미칼","","BLANK","50"
"2021-08-13","ALL","OP(12MF_1M_CHG)","A001430","세아베스틸지주","28.325015746887","OK","51"
"2021-08-13","ALL","OP(12MF_1M_CHG)","A001440","대한전선","","BLANK","52"
"2021-08-13","ALL","OP(12MF_1M_CHG)","A001450","현대해상","-1.68751054694092","OK","53"
"2021-08-13","ALL","OP(12MF_1M_CHG)","A001460","BYC","","BLANK","54"
"2021-08-13","ALL","OP(12MF_1M_CHG)","A001470","삼부토건","","BLANK","55"
"2021-08-13","ALL","OP(12MF_1M_CHG)","A001500","현대차증권","","BLANK","56"
"2021-08-13","ALL","OP(12MF_1M_CHG)","A001510","SK증권","","BLANK","57"
"2021-08-13","ALL","OP(12MF_1M_CHG)","A001520","동양","","BLANK","58"
"2021-08-13","ALL","OP(12MF_1M_CHG)","A001530","DI동일","1.24913254684248","OK","59"
"2021-08-13","ALL","OP(12MF_1M_CHG)","A001570","금양","","BLANK","60"
"2021-08-13","ALL","OP(12MF_1M_CHG)","A001630","종근당홀딩스","","BLANK","61"
"2021-08-13","ALL","OP(12MF_1M_CHG)","A001680","대상",".321944127115991","OK","62"
"2021-08-13","ALL","OP(12MF_1M_CHG)","A001720","신영증권","","BLANK","63"
"2021-08-13","ALL","OP(12MF_1M_CHG)","A001740","SK네트웍스",".967303138697157","OK","64"
"2021-08-13","ALL","OP(12MF_1M_CHG)","A001780","알루코","","BLANK","65"
"2021-08-13","ALL","OP(12MF_1M_CHG)","A001790","대한제당","","BLANK","66"
"2021-08-13","ALL","OP(12MF_1M_CHG)","A001800","오리온홀딩스","","BLANK","67"
"2021-08-13","ALL","OP(12MF_1M_CHG)","A001820","삼화콘덴서","1.45969009656411","OK","68"
"2021-08-13","ALL","OP(12MF_1M_CHG)","A001940","KISCO홀딩스",".187859574967708","OK","69"
"2021-08-13","ALL","OP(12MF_1M_CHG)","A002020","코오롱","","BLANK","70"
"2021-08-13","ALL","OP(12MF_1M_CHG)","A002030","아세아","","BLANK","71"
"2021-08-13","ALL","OP(12MF_1M_CHG)","A002100","경농","","BLANK","72"
"2021-08-13","ALL","OP(12MF_1M_CHG)","A002150","도화엔지니어링","","BLANK","73"
"2021-08-13","ALL","OP(12MF_1M_CHG)","A002210","동성제약","","BLANK","74"
"2021-08-13","ALL","OP(12MF_1M_CHG)","A002240","고려제강","","BLANK","75"
"2021-08-13","ALL","OP(12MF_1M_CHG)","A002310","아세아제지","","BLANK","76"
"2021-08-13","ALL","OP(12MF_1M_CHG)","A002320","한진","3.06629405371838","OK","77"
"2021-08-13","ALL","OP(12MF_1M_CHG)","A002350","넥센타이어","5.97868672621846","OK","78"
"2021-08-13","ALL","OP(12MF_1M_CHG)","A002380","KCC","7.1758788864052","OK","79"
"2021-08-13","ALL","OP(12MF_1M_CHG)","A002390","한독","","BLANK","80"
"2021-08-13","ALL","OP(12MF_1M_CHG)","A002620","제일파마홀딩스","","BLANK","81"
"2021-08-13","ALL","OP(12MF_1M_CHG)","A002780","진흥기업","","BLANK","82"
"2021-08-13","ALL","OP(12MF_1M_CHG)","A002790","아모레퍼시픽홀딩스","-.908665529576909","OK","83"
"2021-08-13","ALL","OP(12MF_1M_CHG)","A002810","삼영무역","","BLANK","84"
"2021-08-13","ALL","OP(12MF_1M_CHG)","A002840","미원상사","","BLANK","85"
"2021-08-13","ALL","OP(12MF_1M_CHG)","A002900","TYM","","BLANK","86"
"2021-08-13","ALL","OP(12MF_1M_CHG)","A002960","한국쉘석유","","BLANK","87"
"2021-08-13","ALL","OP(12MF_1M_CHG)","A002990","금호건설",".931433938634928","OK","88"
"2021-08-13","ALL","OP(12MF_1M_CHG)","A003000","부광약품","","BLANK","89"
"2021-08-13","ALL","OP(12MF_1M_CHG)","A003030","세아제강지주","","BLANK","90"
"2021-08-13","ALL","OP(12MF_1M_CHG)","A003060","에이프로젠바이오로직스","","BLANK","91"
"2021-08-13","ALL","OP(12MF_1M_CHG)","A003070","코오롱글로벌","13.3770584626999","OK","92"
"2021-08-13","ALL","OP(12MF_1M_CHG)","A003090","대웅","","BLANK","93"
"2021-08-13","ALL","OP(12MF_1M_CHG)","A003100","선광","","BLANK","94"
"2021-08-13","ALL","OP(12MF_1M_CHG)","A003160","디아이","5.58445113605256","OK","95"
"2021-08-13","ALL","OP(12MF_1M_CHG)","A003220","대원제약","2.96965784377017","OK","96"
"2021-08-13","ALL","OP(12MF_1M_CHG)","A003230","삼양식품","1.13140836770773","OK","97"
"2021-08-13","ALL","OP(12MF_1M_CHG)","A003240","태광산업","","BLANK","98"
"2021-08-13","ALL","OP(12MF_1M_CHG)","A003300","한일홀딩스","","BLANK","99"
"2021-08-13","ALL","OP(12MF_1M_CHG)","A003380","하림지주","","BLANK","100"
"2021-08-13","ALL","OP(12MF_1M_CHG)","A003470","유안타증권","","BLANK","101"
"2021-08-13","ALL","OP(12MF_1M_CHG)","A003490","대한항공","6.70077013884985","OK","102"
"2021-08-13","ALL","OP(12MF_1M_CHG)","A003520","영진약품","","BLANK","103"
"2021-08-13","ALL","OP(12MF_1M_CHG)","A003530","한화투자증권","","BLANK","104"
"2021-08-13","ALL","OP(12MF_1M_CHG)","A003540","대신증권","-4.33072212910066","OK","105"
"2021-08-13","ALL","OP(12MF_1M_CHG)","A003550","LG","4.35063808876878","OK","106"
"2021-08-13","ALL","OP(12MF_1M_CHG)","A003570","SNT다이내믹스","","BLANK","107"
"2021-08-13","ALL","OP(12MF_1M_CHG)","A003580","HLB글로벌","","BLANK","108"
"2021-08-13","ALL","OP(12MF_1M_CHG)","A003620","KG모빌리티","","BLANK","109"
"2021-08-13","ALL","OP(12MF_1M_CHG)","A003670","포스코퓨처엠","5.80243066375818","OK","110"
"2021-08-13","ALL","OP(12MF_1M_CHG)","A003690","코리안리","1.17841838722244","OK","111"
"2021-08-13","ALL","OP(12MF_1M_CHG)","A003800","에이스침대","","BLANK","112"
"2021-08-13","ALL","OP(12MF_1M_CHG)","A003850","보령","","BLANK","113"
"2021-08-13","ALL","OP(12MF_1M_CHG)","A003920","남양유업","","BLANK","114"
"2021-08-13","ALL","OP(12MF_1M_CHG)","A004000","롯데정밀화학","7.68611097948159","OK","115"
"2021-08-13","ALL","OP(12MF_1M_CHG)","A004020","현대제철","18.1326166881287","OK","116"
"2021-08-13","ALL","OP(12MF_1M_CHG)","A004170","신세계","4.50186414657974","OK","117"
"2021-08-13","ALL","OP(12MF_1M_CHG)","A004360","세방","","BLANK","118"
"2021-08-13","ALL","OP(12MF_1M_CHG)","A004370","농심","4.07798399455134","OK","119"
"2021-08-13","ALL","OP(12MF_1M_CHG)","A004380","삼익THK","","BLANK","120"
"2021-08-13","ALL","OP(12MF_1M_CHG)","A004430","송원산업","-.250339000730165","OK","121"
"2021-08-13","ALL","OP(12MF_1M_CHG)","A004490","세방전지","","BLANK","122"
"2021-08-13","ALL","OP(12MF_1M_CHG)","A004560","현대비앤지스틸","","BLANK","123"
"2021-08-13","ALL","OP(12MF_1M_CHG)","A004690","삼천리","6.16269515201338E-02","OK","124"
"2021-08-13","ALL","OP(12MF_1M_CHG)","A004700","조광피혁","","BLANK","125"
"2021-08-13","ALL","OP(12MF_1M_CHG)","A004710","한솔테크닉스","","BLANK","126"
"2021-08-13","ALL","OP(12MF_1M_CHG)","A004800","효성","29.8326333340368","OK","127"
"2021-08-13","ALL","OP(12MF_1M_CHG)","A004830","덕성","","BLANK","128"
"2021-08-13","ALL","OP(12MF_1M_CHG)","A004890","동일산업","","BLANK","129"
"2021-08-13","ALL","OP(12MF_1M_CHG)","A004960","한신공영","1.90641247833622","OK","130"
"2021-08-13","ALL","OP(12MF_1M_CHG)","A004980","성신양회","","BLANK","131"
"2021-08-13","ALL","OP(12MF_1M_CHG)","A004990","롯데지주","8.14409868236614","OK","132"
"2021-08-13","ALL","OP(12MF_1M_CHG)","A005070","코스모신소재","2.67131242740999","OK","133"
"2021-08-13","ALL","OP(12MF_1M_CHG)","A005090","SGC에너지","8.81560283687944","OK","134"
"2021-08-13","ALL","OP(12MF_1M_CHG)","A005180","빙그레","1.11633372502938","OK","135"
"2021-08-13","ALL","OP(12MF_1M_CHG)","A005250","녹십자홀딩스","","BLANK","136"
"2021-08-13","ALL","OP(12MF_1M_CHG)","A005290","동진쎄미켐","","BLANK","137"
"2021-08-13","ALL","OP(12MF_1M_CHG)","A005300","롯데칠성","1.90372117098982","OK","138"
"2021-08-13","ALL","OP(12MF_1M_CHG)","A005380","현대차","2.67128255852292","OK","139"
"2021-08-13","ALL","OP(12MF_1M_CHG)","A005420","코스모화학","","BLANK","140"
"2021-08-13","ALL","OP(12MF_1M_CHG)","A005440","현대지에프홀딩스","-.833155308694724","OK","141"
"2021-08-13","ALL","OP(12MF_1M_CHG)","A005490","POSCO홀딩스","5.40695643856779","OK","142"
"2021-08-13","ALL","OP(12MF_1M_CHG)","A005500","삼진제약",".587248322147653","OK","143"
"2021-08-13","ALL","OP(12MF_1M_CHG)","A005610","삼립",".341343528126707","OK","144"
"2021-08-13","ALL","OP(12MF_1M_CHG)","A005680","삼영전자",".69044879171462","OK","145"
"2021-08-13","ALL","OP(12MF_1M_CHG)","A005690","파미셀","","BLANK","146"
"2021-08-13","ALL","OP(12MF_1M_CHG)","A005720","넥센","","BLANK","147"
"2021-08-13","ALL","OP(12MF_1M_CHG)","A005810","풍산홀딩스","-.302258988227804","OK","148"
"2021-08-13","ALL","OP(12MF_1M_CHG)","A005830","DB손해보험","","BLANK","149"
"2021-08-13","ALL","OP(12MF_1M_CHG)","A005850","에스엘","1.35231916417408","OK","150"
"2021-08-13","ALL","OP(12MF_1M_CHG)","A005880","대한해운","4.35183356376326","OK","151"
"2021-08-13","ALL","OP(12MF_1M_CHG)","A005930","삼성전자","4.12117777998386","OK","152"
"2021-08-13","ALL","OP(12MF_1M_CHG)","A005940","NH투자증권","4.26077979217119","OK","153"
"2021-08-13","ALL","OP(12MF_1M_CHG)","A005950","이수화학","","BLANK","154"
"2021-08-13","ALL","OP(12MF_1M_CHG)","A005960","동부건설","2.2258254716981","OK","155"
"2021-08-13","ALL","OP(12MF_1M_CHG)","A006040","동원산업","-.502810852334229","OK","156"
"2021-08-13","ALL","OP(12MF_1M_CHG)","A006060","화승인더","","BLANK","157"
"2021-08-13","ALL","OP(12MF_1M_CHG)","A006120","SK디스커버리","","BLANK","158"
"2021-08-13","ALL","OP(12MF_1M_CHG)","A006260","LS","1.50801629715857","OK","159"
"2021-08-13","ALL","OP(12MF_1M_CHG)","A006280","녹십자","-38.1674169468346","OK","160"
"2021-08-13","ALL","OP(12MF_1M_CHG)","A006360","GS건설","-.168033050067433","OK","161"
"2021-08-13","ALL","OP(12MF_1M_CHG)","A006400","삼성SDI","8.29530465895479","OK","162"
"2021-08-13","ALL","OP(12MF_1M_CHG)","A006490","프리티","","BLANK","163"
"2021-08-13","ALL","OP(12MF_1M_CHG)","A006620","동구바이오제약","","BLANK","164"
"2021-08-13","ALL","OP(12MF_1M_CHG)","A006650","대한유화",".639814354384222","OK","165"
"2021-08-13","ALL","OP(12MF_1M_CHG)","A006730","서부T&D","","BLANK","166"
"2021-08-13","ALL","OP(12MF_1M_CHG)","A006800","미래에셋증권","7.59122559028323","OK","167"
"2021-08-13","ALL","OP(12MF_1M_CHG)","A006840","AK홀딩스","","BLANK","168"
"2021-08-13","ALL","OP(12MF_1M_CHG)","A007070","GS리테일","17.3619590286257","OK","169"
"2021-08-13","ALL","OP(12MF_1M_CHG)","A007160","사조산업","","BLANK","170"
"2021-08-13","ALL","OP(12MF_1M_CHG)","A007210","벽산","","BLANK","171"
"2021-08-13","ALL","OP(12MF_1M_CHG)","A007310","오뚜기","2.28116425458654","OK","172"
"2021-08-13","ALL","OP(12MF_1M_CHG)","A007340","DN오토모티브","","BLANK","173"
"2021-08-13","ALL","OP(12MF_1M_CHG)","A007390","네이처셀","","BLANK","174"
"2021-08-13","ALL","OP(12MF_1M_CHG)","A007460","에이프로젠","","BLANK","175"
"2021-08-13","ALL","OP(12MF_1M_CHG)","A007570","일양약품","","BLANK","176"
"2021-08-13","ALL","OP(12MF_1M_CHG)","A007690","국도화학","","BLANK","177"
"2021-08-13","ALL","OP(12MF_1M_CHG)","A007700","F&F홀딩스","","BLANK","178"
"2021-08-13","ALL","OP(12MF_1M_CHG)","A007810","코리아써키트","31.0615779345735","OK","179"
"2021-08-13","ALL","OP(12MF_1M_CHG)","A007860","서연","","BLANK","180"
"2021-08-13","ALL","OP(12MF_1M_CHG)","A008060","대덕","","BLANK","181"
"2021-08-13","ALL","OP(12MF_1M_CHG)","A008350","남선알미늄","","BLANK","182"
"2021-08-13","ALL","OP(12MF_1M_CHG)","A008490","서흥","1.32349750488175","OK","183"
"2021-08-13","ALL","OP(12MF_1M_CHG)","A008730","율촌화학","","BLANK","184"
"2021-08-13","ALL","OP(12MF_1M_CHG)","A008770","호텔신라","6.45407590388502","OK","185"
"2021-08-13","ALL","OP(12MF_1M_CHG)","A008930","한미사이언스","","BLANK","186"
"2021-08-13","ALL","OP(12MF_1M_CHG)","A009150","삼성전기","8.30257488640208","OK","187"
"2021-08-13","ALL","OP(12MF_1M_CHG)","A009160","SIMPAC","","BLANK","188"
"2021-08-13","ALL","OP(12MF_1M_CHG)","A009240","한샘","3.86633303737187","OK","189"
"2021-08-13","ALL","OP(12MF_1M_CHG)","A009290","광동제약","","BLANK","190"
"2021-08-13","ALL","OP(12MF_1M_CHG)","A009410","태영건설","1.7921146953405","OK","191"
"2021-08-13","ALL","OP(12MF_1M_CHG)","A009420","한올바이오파마","-15.8571428571429","OK","192"
"2021-08-13","ALL","OP(12MF_1M_CHG)","A009450","경동나비엔","","BLANK","193"
"2021-08-13","ALL","OP(12MF_1M_CHG)","A009520","포스코엠텍","14.453477868112","OK","194"
"2021-08-13","ALL","OP(12MF_1M_CHG)","A009540","HD한국조선해양","-78.2796702442059","OK","195"
"2021-08-13","ALL","OP(12MF_1M_CHG)","A009580","무림P&P","-1.32749236691889","OK","196"
"2021-08-13","ALL","OP(12MF_1M_CHG)","A009680","모토닉","","BLANK","197"
"2021-08-13","ALL","OP(12MF_1M_CHG)","A009830","한화솔루션","-8.38293978358695","OK","198"
"2021-08-13","ALL","OP(12MF_1M_CHG)","A009900","명신산업","","BLANK","199"
"2021-08-13","ALL","OP(12MF_1M_CHG)","A009970","영원무역홀딩스",".685834872065409","OK","200"
"2021-08-13","ALL","OP(12MF_1M_CHG)","A010060","OCI홀딩스","31.5129695497528","OK","201"
"2021-08-13","ALL","OP(12MF_1M_CHG)","A010120","LS ELECTRIC","3.55183837506109","OK","202"
"2021-08-13","ALL","OP(12MF_1M_CHG)","A010130","고려아연","12.4286807859148","OK","203"
"2021-08-13","ALL","OP(12MF_1M_CHG)","A010140","삼성중공업","9.65810460640519","OK","204"
"2021-08-13","ALL","OP(12MF_1M_CHG)","A010690","화신","2.38095238095238","OK","205"
"2021-08-13","ALL","OP(12MF_1M_CHG)","A010780","아이에스동서","1.82019199654838","OK","206"
"2021-08-13","ALL","OP(12MF_1M_CHG)","A010950","S-Oil","5.84900743955033","OK","207"
"2021-08-13","ALL","OP(12MF_1M_CHG)","A011000","진원생명과학","","BLANK","208"
"2021-08-13","ALL","OP(12MF_1M_CHG)","A011040","경동제약","","BLANK","209"
"2021-08-13","ALL","OP(12MF_1M_CHG)","A011070","LG이노텍","3.23842409699666","OK","210"
"2021-08-13","ALL","OP(12MF_1M_CHG)","A011170","롯데케미칼","-10.8055000845394","OK","211"
"2021-08-13","ALL","OP(12MF_1M_CHG)","A011200","HMM","24.9278969126329","OK","212"
"2021-08-13","ALL","OP(12MF_1M_CHG)","A011210","현대위아","14.0060044380629","OK","213"
"2021-08-13","ALL","OP(12MF_1M_CHG)","A011280","태림포장","","BLANK","214"
"2021-08-13","ALL","OP(12MF_1M_CHG)","A011690","와이투솔루션","","BLANK","215"
"2021-08-13","ALL","OP(12MF_1M_CHG)","A011760","현대코퍼레이션","","BLANK","216"
"2021-08-13","ALL","OP(12MF_1M_CHG)","A011780","금호석유화학","-6.69669753172243","OK","217"
"2021-08-13","ALL","OP(12MF_1M_CHG)","A011790","SKC","9.49774155538099","OK","218"
"2021-08-13","ALL","OP(12MF_1M_CHG)","A011930","신성이엔지","","BLANK","219"
"2021-08-13","ALL","OP(12MF_1M_CHG)","A012330","현대모비스","-3.88718745057441","OK","220"
"2021-08-13","ALL","OP(12MF_1M_CHG)","A012450","한화에어로스페이스","22.5431259801359","OK","221"
"2021-08-13","ALL","OP(12MF_1M_CHG)","A012510","더존비즈온","-2.12936922458819","OK","222"
"2021-08-13","ALL","OP(12MF_1M_CHG)","A012610","경인양행","","BLANK","223"
"2021-08-13","ALL","OP(12MF_1M_CHG)","A012630","HDC","","BLANK","224"
"2021-08-13","ALL","OP(12MF_1M_CHG)","A012700","리드코프","","BLANK","225"
"2021-08-13","ALL","OP(12MF_1M_CHG)","A012750","에스원","3.44217325900363","OK","226"
"2021-08-13","ALL","OP(12MF_1M_CHG)","A013120","동원개발","","BLANK","227"
"2021-08-13","ALL","OP(12MF_1M_CHG)","A013580","계룡건설","","BLANK","228"
"2021-08-13","ALL","OP(12MF_1M_CHG)","A013890","지누스","-2.44346549192364","OK","229"
"2021-08-13","ALL","OP(12MF_1M_CHG)","A014160","대영포장","","BLANK","230"
"2021-08-13","ALL","OP(12MF_1M_CHG)","A014620","성광벤드","14.0712945590994","OK","231"
"2021-08-13","ALL","OP(12MF_1M_CHG)","A014680","한솔케미칼","4.90010334137099","OK","232"
"2021-08-13","ALL","OP(12MF_1M_CHG)","A014820","동원시스템즈","","BLANK","233"
"2021-08-13","ALL","OP(12MF_1M_CHG)","A014830","유니드","32.3676708529163","OK","234"
"2021-08-13","ALL","OP(12MF_1M_CHG)","A015750","성우하이텍","","BLANK","235"
"2021-08-13","ALL","OP(12MF_1M_CHG)","A015760","한국전력","-56.384627156904","OK","236"
"2021-08-13","ALL","OP(12MF_1M_CHG)","A015860","일진홀딩스","","BLANK","237"
"2021-08-13","ALL","OP(12MF_1M_CHG)","A016360","삼성증권","6.07935219343767","OK","238"
"2021-08-13","ALL","OP(12MF_1M_CHG)","A016380","KG스틸","","BLANK","239"
"2021-08-13","ALL","OP(12MF_1M_CHG)","A016450","한세예스24홀딩스",".119932837610942","OK","240"
"2021-08-13","ALL","OP(12MF_1M_CHG)","A016580","환인제약","-3.43713278495888","OK","241"
"2021-08-13","ALL","OP(12MF_1M_CHG)","A016590","신대양제지","","BLANK","242"
"2021-08-13","ALL","OP(12MF_1M_CHG)","A016610","DB증권","","BLANK","243"
"2021-08-13","ALL","OP(12MF_1M_CHG)","A016710","대성홀딩스","","BLANK","244"
"2021-08-13","ALL","OP(12MF_1M_CHG)","A016800","퍼시스",".441501103752763","OK","245"
"2021-08-13","ALL","OP(12MF_1M_CHG)","A017390","서울가스","","BLANK","246"
"2021-08-13","ALL","OP(12MF_1M_CHG)","A017670","SK텔레콤","1.9844153240961","OK","247"
"2021-08-13","ALL","OP(12MF_1M_CHG)","A017800","현대엘리베이터","1.23435722411831","OK","248"
"2021-08-13","ALL","OP(12MF_1M_CHG)","A017810","풀무원","2.36832367090169","OK","249"
"2021-08-13","ALL","OP(12MF_1M_CHG)","A017890","한국알콜","","BLANK","250"
"2021-08-13","ALL","OP(12MF_1M_CHG)","A017940","E1","","BLANK","251"
"2021-08-13","ALL","OP(12MF_1M_CHG)","A017960","한국카본","1.90174326465927","OK","252"
"2021-08-13","ALL","OP(12MF_1M_CHG)","A018000","유니슨","","BLANK","253"
"2021-08-13","ALL","OP(12MF_1M_CHG)","A018250","애경산업","5.65389696169089","OK","254"
"2021-08-13","ALL","OP(12MF_1M_CHG)","A018260","삼성에스디에스","-.5632009403007","OK","255"
"2021-08-13","ALL","OP(12MF_1M_CHG)","A018290","브이티","","BLANK","256"
"2021-08-13","ALL","OP(12MF_1M_CHG)","A018670","SK가스","12.4348528224326","OK","257"
"2021-08-13","ALL","OP(12MF_1M_CHG)","A018880","한온시스템","4.66393739959548E-02","OK","258"
"2021-08-13","ALL","OP(12MF_1M_CHG)","A019170","신풍제약","","BLANK","259"
"2021-08-13","ALL","OP(12MF_1M_CHG)","A019210","와이지-원","","BLANK","260"
"2021-08-13","ALL","OP(12MF_1M_CHG)","A019550","SBI인베스트먼트","","BLANK","261"
"2021-08-13","ALL","OP(12MF_1M_CHG)","A019680","대교","33.6683417085427","OK","262"
"2021-08-13","ALL","OP(12MF_1M_CHG)","A020000","한섬",".775137641263418","OK","263"
"2021-08-13","ALL","OP(12MF_1M_CHG)","A020120","키다리스튜디오","1.41267123287672","OK","264"
"2021-08-13","ALL","OP(12MF_1M_CHG)","A020150","롯데에너지머티리얼즈","3.60084275043096","OK","265"
"2021-08-13","ALL","OP(12MF_1M_CHG)","A020560","아시아나항공","-2.43701550387597","OK","266"
"2021-08-13","ALL","OP(12MF_1M_CHG)","A021240","코웨이","2.46202577208265","OK","267"
"2021-08-13","ALL","OP(12MF_1M_CHG)","A021320","KCC건설","","BLANK","268"
"2021-08-13","ALL","OP(12MF_1M_CHG)","A022100","포스코DX","-3.46581875993641","OK","269"
"2021-08-13","ALL","OP(12MF_1M_CHG)","A023160","태광","13.3616118769883","OK","270"
"2021-08-13","ALL","OP(12MF_1M_CHG)","A023410","유진기업","","BLANK","271"
"2021-08-13","ALL","OP(12MF_1M_CHG)","A023530","롯데쇼핑","-6.6587531301831","OK","272"
"2021-08-13","ALL","OP(12MF_1M_CHG)","A023590","다우기술","","BLANK","273"
"2021-08-13","ALL","OP(12MF_1M_CHG)","A023760","한국캐피탈","","BLANK","274"
"2021-08-13","ALL","OP(12MF_1M_CHG)","A024110","기업은행","10.7268140790667","OK","275"
"2021-08-13","ALL","OP(12MF_1M_CHG)","A024720","콜마홀딩스","","BLANK","276"
"2021-08-13","ALL","OP(12MF_1M_CHG)","A025000","KPX케미칼","","BLANK","277"
"2021-08-13","ALL","OP(12MF_1M_CHG)","A025320","시노펙스","","BLANK","278"
"2021-08-13","ALL","OP(12MF_1M_CHG)","A025540","한국단자","","BLANK","279"
"2021-08-13","ALL","OP(12MF_1M_CHG)","A025770","한국정보통신","","BLANK","280"
"2021-08-13","ALL","OP(12MF_1M_CHG)","A025860","남해화학","","BLANK","281"
"2021-08-13","ALL","OP(12MF_1M_CHG)","A025900","동화기업","1.52295802394304","OK","282"
"2021-08-13","ALL","OP(12MF_1M_CHG)","A025950","동신건설","","BLANK","283"
"2021-08-13","ALL","OP(12MF_1M_CHG)","A025980","아난티","162.893081761006","OK","284"
"2021-08-13","ALL","OP(12MF_1M_CHG)","A026890","스틱인베스트먼트","","BLANK","285"
"2021-08-13","ALL","OP(12MF_1M_CHG)","A026960","동서","","BLANK","286"
"2021-08-13","ALL","OP(12MF_1M_CHG)","A027360","아주IB투자","","BLANK","287"
"2021-08-13","ALL","OP(12MF_1M_CHG)","A027410","BGF","4.59249676584735","OK","288"
"2021-08-13","ALL","OP(12MF_1M_CHG)","A027710","팜스토리","","BLANK","289"
"2021-08-13","ALL","OP(12MF_1M_CHG)","A028050","삼성E&A","8.66101967265799","OK","290"
"2021-08-13","ALL","OP(12MF_1M_CHG)","A028100","동아지질","8.92018779342722","OK","291"
"2021-08-13","ALL","OP(12MF_1M_CHG)","A028260","삼성물산","10.7921486425043","OK","292"
"2021-08-13","ALL","OP(12MF_1M_CHG)","A028300","HLB","","BLANK","293"
"2021-08-13","ALL","OP(12MF_1M_CHG)","A028670","팬오션","31.2626343654741","OK","294"
"2021-08-13","ALL","OP(12MF_1M_CHG)","A029460","케이씨","","BLANK","295"
"2021-08-13","ALL","OP(12MF_1M_CHG)","A029530","신도리코","","BLANK","296"
"2021-08-13","ALL","OP(12MF_1M_CHG)","A029780","삼성카드","2.9608314857619","OK","297"
"2021-08-13","ALL","OP(12MF_1M_CHG)","A030000","제일기획","1.93795509708738","OK","298"
"2021-08-13","ALL","OP(12MF_1M_CHG)","A030190","NICE평가정보",".982318271119843","OK","299"
"2021-08-13","ALL","OP(12MF_1M_CHG)","A030200","KT","5.56436884273393","OK","300"
"2021-08-13","ALL","OP(12MF_1M_CHG)","A030210","다올투자증권","","BLANK","301"
"2021-08-13","ALL","OP(12MF_1M_CHG)","A030520","한컴","-.725530458590008","OK","302"
"2021-08-13","ALL","OP(12MF_1M_CHG)","A030530","원익홀딩스","","BLANK","303"
"2021-08-13","ALL","OP(12MF_1M_CHG)","A030610","교보증권","","BLANK","304"
"2021-08-13","ALL","OP(12MF_1M_CHG)","A031330","에스에이엠티","1.45026279929921","OK","305"
"2021-08-13","ALL","OP(12MF_1M_CHG)","A031430","신세계인터내셔날","8.01361386138615","OK","306"
"2021-08-13","ALL","OP(12MF_1M_CHG)","A031440","신세계푸드","3.47593582887701","OK","307"
"2021-08-13","ALL","OP(12MF_1M_CHG)","A031980","피에스케이홀딩스","","BLANK","308"
"2021-08-13","ALL","OP(12MF_1M_CHG)","A032190","다우데이타","","BLANK","309"
"2021-08-13","ALL","OP(12MF_1M_CHG)","A032300","한국파마","2.23152022315202","OK","310"
"2021-08-13","ALL","OP(12MF_1M_CHG)","A032350","롯데관광개발","15.7654542940119","OK","311"
"2021-08-13","ALL","OP(12MF_1M_CHG)","A032500","케이엠더블유","3.66631672454172","OK","312"
"2021-08-13","ALL","OP(12MF_1M_CHG)","A032620","GC메디아이","","BLANK","313"
"2021-08-13","ALL","OP(12MF_1M_CHG)","A032640","LG유플러스","2.78527652123157","OK","314"
"2021-08-13","ALL","OP(12MF_1M_CHG)","A032820","우리기술","","BLANK","315"
"2021-08-13","ALL","OP(12MF_1M_CHG)","A032830","삼성생명","-4.10215657797387","OK","316"
"2021-08-13","ALL","OP(12MF_1M_CHG)","A033160","엠케이전자","","BLANK","317"
"2021-08-13","ALL","OP(12MF_1M_CHG)","A033240","자화전자","1.59453302961276","OK","318"
"2021-08-13","ALL","OP(12MF_1M_CHG)","A033270","유나이티드제약","","BLANK","319"
"2021-08-13","ALL","OP(12MF_1M_CHG)","A033290","로젠","21.0146465718531","OK","320"
"2021-08-13","ALL","OP(12MF_1M_CHG)","A033310","엠투엔","","BLANK","321"
"2021-08-13","ALL","OP(12MF_1M_CHG)","A033500","동성화인텍","2.2870211549457","OK","322"
"2021-08-13","ALL","OP(12MF_1M_CHG)","A033530","SJG세종","","BLANK","323"
"2021-08-13","ALL","OP(12MF_1M_CHG)","A033640","네패스",".314748201438861","OK","324"
"2021-08-13","ALL","OP(12MF_1M_CHG)","A033780","KT&G","-7.27128072360656","OK","325"
"2021-08-13","ALL","OP(12MF_1M_CHG)","A034020","두산에너빌리티","","BLANK","326"
"2021-08-13","ALL","OP(12MF_1M_CHG)","A034120","SBS","-.295910516659762","OK","327"
"2021-08-13","ALL","OP(12MF_1M_CHG)","A034220","LG디스플레이","10.6523369632295","OK","328"
"2021-08-13","ALL","OP(12MF_1M_CHG)","A034230","파라다이스","-3.54182366239637","OK","329"
"2021-08-13","ALL","OP(12MF_1M_CHG)","A034310","NICE","","BLANK","330"
"2021-08-13","ALL","OP(12MF_1M_CHG)","A034730","SK",".371620455970798","OK","331"
"2021-08-13","ALL","OP(12MF_1M_CHG)","A034810","해성산업","","BLANK","332"
"2021-08-13","ALL","OP(12MF_1M_CHG)","A034830","한국토지신탁","1.57694928453226","OK","333"
"2021-08-13","ALL","OP(12MF_1M_CHG)","A034950","한국기업평가","","BLANK","334"
"2021-08-13","ALL","OP(12MF_1M_CHG)","A035080","그래디언트","19.3175245806825","OK","335"
"2021-08-13","ALL","OP(12MF_1M_CHG)","A035250","강원랜드","13.7474889133154","OK","336"
"2021-08-13","ALL","OP(12MF_1M_CHG)","A035420","NAVER","5.23527578684949","OK","337"
"2021-08-13","ALL","OP(12MF_1M_CHG)","A035510","신세계 I&C","6.67194092827005","OK","338"
"2021-08-13","ALL","OP(12MF_1M_CHG)","A035600","KG이니시스","4.29497568881684","OK","339"
"2021-08-13","ALL","OP(12MF_1M_CHG)","A035720","카카오","4.69113555579757","OK","340"
"2021-08-13","ALL","OP(12MF_1M_CHG)","A035760","CJ ENM","4.81251845290818","OK","341"
"2021-08-13","ALL","OP(12MF_1M_CHG)","A035810","이지홀딩스","","BLANK","342"
"2021-08-13","ALL","OP(12MF_1M_CHG)","A035890","서희건설","","BLANK","343"
"2021-08-13","ALL","OP(12MF_1M_CHG)","A035900","JYP Ent.","1.65097978706989","OK","344"
"2021-08-13","ALL","OP(12MF_1M_CHG)","A036030","케이티알파","","BLANK","345"
"2021-08-13","ALL","OP(12MF_1M_CHG)","A036200","유니셈","-.527390268798915","OK","346"
"2021-08-13","ALL","OP(12MF_1M_CHG)","A036420","콘텐트리중앙","-24.5652978172401","OK","347"
"2021-08-13","ALL","OP(12MF_1M_CHG)","A036460","한국가스공사","1.06153769660407","OK","348"
"2021-08-13","ALL","OP(12MF_1M_CHG)","A036530","SNT홀딩스","","BLANK","349"
"2021-08-13","ALL","OP(12MF_1M_CHG)","A036540","SFA반도체","","BLANK","350"
"2021-08-13","ALL","OP(12MF_1M_CHG)","A036570","NC","-11.3861427025777","OK","351"
"2021-08-13","ALL","OP(12MF_1M_CHG)","A036580","팜스코","","BLANK","352"
"2021-08-13","ALL","OP(12MF_1M_CHG)","A036630","세종텔레콤","","BLANK","353"
"2021-08-13","ALL","OP(12MF_1M_CHG)","A036800","나이스정보통신","2.03501094091904","OK","354"
"2021-08-13","ALL","OP(12MF_1M_CHG)","A036810","에프에스티","","BLANK","355"
"2021-08-13","ALL","OP(12MF_1M_CHG)","A036830","솔브레인홀딩스","","BLANK","356"
"2021-08-13","ALL","OP(12MF_1M_CHG)","A036890","진성티이씨",".764223039909434","OK","357"
"2021-08-13","ALL","OP(12MF_1M_CHG)","A036930","주성엔지니어링","-35.4063260340633","OK","358"
"2021-08-13","ALL","OP(12MF_1M_CHG)","A037070","파세코","","BLANK","359"
"2021-08-13","ALL","OP(12MF_1M_CHG)","A037270","YG PLUS","","BLANK","360"
"2021-08-13","ALL","OP(12MF_1M_CHG)","A037560","LG헬로비전","1.18644067796609","OK","361"
"2021-08-13","ALL","OP(12MF_1M_CHG)","A037710","광주신세계","","BLANK","362"
"2021-08-13","ALL","OP(12MF_1M_CHG)","A038290","마크로젠","","BLANK","363"
"2021-08-13","ALL","OP(12MF_1M_CHG)","A038500","삼표시멘트","13.3868297032225","OK","364"
"2021-08-13","ALL","OP(12MF_1M_CHG)","A038540","상상인","","BLANK","365"
"2021-08-13","ALL","OP(12MF_1M_CHG)","A038880","아이에이","","BLANK","366"
"2021-08-13","ALL","OP(12MF_1M_CHG)","A039030","이오테크닉스","4.5773391986684","OK","367"
"2021-08-13","ALL","OP(12MF_1M_CHG)","A039130","하나투어","92","OK","368"
"2021-08-13","ALL","OP(12MF_1M_CHG)","A039200","오스코텍","1.22448979591837","OK","369"
"2021-08-13","ALL","OP(12MF_1M_CHG)","A039440","에스티아이","","BLANK","370"
"2021-08-13","ALL","OP(12MF_1M_CHG)","A039490","키움증권","5.82725455515903","OK","371"
"2021-08-13","ALL","OP(12MF_1M_CHG)","A039560","다산네트웍스","19.9124726477024","OK","372"
"2021-08-13","ALL","OP(12MF_1M_CHG)","A039840","디오","13.7228260869565","OK","373"
"2021-08-13","ALL","OP(12MF_1M_CHG)","A040910","아이씨디","","BLANK","374"
"2021-08-13","ALL","OP(12MF_1M_CHG)","A041190","우리기술투자","","BLANK","375"
"2021-08-13","ALL","OP(12MF_1M_CHG)","A041510","에스엠","15.8260386272058","OK","376"
"2021-08-13","ALL","OP(12MF_1M_CHG)","A041830","인바디","5.63042827193771","OK","377"
"2021-08-13","ALL","OP(12MF_1M_CHG)","A041960","코미팜","","BLANK","378"
"2021-08-13","ALL","OP(12MF_1M_CHG)","A042000","카페24","-68.3844011142061","OK","379"
"2021-08-13","ALL","OP(12MF_1M_CHG)","A042040","케이피엠테크","","BLANK","380"
"2021-08-13","ALL","OP(12MF_1M_CHG)","A042370","비츠로테크","","BLANK","381"
"2021-08-13","ALL","OP(12MF_1M_CHG)","A042420","네오위즈홀딩스","","BLANK","382"
"2021-08-13","ALL","OP(12MF_1M_CHG)","A042660","한화오션","-268.111888111888","OK","383"
"2021-08-13","ALL","OP(12MF_1M_CHG)","A042700","한미반도체","16.9143665958952","OK","384"
"2021-08-13","ALL","OP(12MF_1M_CHG)","A043150","바텍","15.6637013779871","OK","385"
"2021-08-13","ALL","OP(12MF_1M_CHG)","A043610","KT지니뮤직","1.12914608327452","OK","386"
"2021-08-13","ALL","OP(12MF_1M_CHG)","A044340","위닉스","","BLANK","387"
"2021-08-13","ALL","OP(12MF_1M_CHG)","A044450","KSS해운","","BLANK","388"
"2021-08-13","ALL","OP(12MF_1M_CHG)","A044490","태웅","","BLANK","389"
"2021-08-13","ALL","OP(12MF_1M_CHG)","A045100","한양이엔지","","BLANK","390"
"2021-08-13","ALL","OP(12MF_1M_CHG)","A045390","대아티아이","","BLANK","391"
"2021-08-13","ALL","OP(12MF_1M_CHG)","A045660","에이텍","","BLANK","392"
"2021-08-13","ALL","OP(12MF_1M_CHG)","A045970","코아시아","","BLANK","393"
"2021-08-13","ALL","OP(12MF_1M_CHG)","A046440","KG파이낸셜","-.214168039538719","OK","394"
"2021-08-13","ALL","OP(12MF_1M_CHG)","A046890","서울반도체",".297905054776093","OK","395"
"2021-08-13","ALL","OP(12MF_1M_CHG)","A047040","대우건설","2.70035738345076","OK","396"
"2021-08-13","ALL","OP(12MF_1M_CHG)","A047050","포스코인터내셔널","5.25166877142342","OK","397"
"2021-08-13","ALL","OP(12MF_1M_CHG)","A047310","파워로직스","","BLANK","398"
"2021-08-13","ALL","OP(12MF_1M_CHG)","A047810","한국항공우주","-2.61536444677505","OK","399"
"2021-08-13","ALL","OP(12MF_1M_CHG)","A047820","초록뱀미디어","","BLANK","400"
"2021-08-13","ALL","OP(12MF_1M_CHG)","A047920","HLB제약","","BLANK","401"
"2021-08-13","ALL","OP(12MF_1M_CHG)","A048410","현대바이오","","BLANK","402"
"2021-08-13","ALL","OP(12MF_1M_CHG)","A048530","인트론바이오","","BLANK","403"
"2021-08-13","ALL","OP(12MF_1M_CHG)","A048550","SM C&C","","BLANK","404"
"2021-08-13","ALL","OP(12MF_1M_CHG)","A048870","시너지이노베이션","","BLANK","405"
"2021-08-13","ALL","OP(12MF_1M_CHG)","A048910","대원미디어","2.63496143958869","OK","406"
"2021-08-13","ALL","OP(12MF_1M_CHG)","A049070","인탑스",".129237498757327","OK","407"
"2021-08-13","ALL","OP(12MF_1M_CHG)","A049180","셀루메드","","BLANK","408"
"2021-08-13","ALL","OP(12MF_1M_CHG)","A049950","미래컴퍼니","","BLANK","409"
"2021-08-13","ALL","OP(12MF_1M_CHG)","A050890","쏠리드","10.7259646827992","OK","410"
"2021-08-13","ALL","OP(12MF_1M_CHG)","A051160","지어소프트","3.0008826125331","OK","411"
"2021-08-13","ALL","OP(12MF_1M_CHG)","A051370","인터플렉스","12.6396917148362","OK","412"
"2021-08-13","ALL","OP(12MF_1M_CHG)","A051500","CJ프레시웨이","4.9521354933726","OK","413"
"2021-08-13","ALL","OP(12MF_1M_CHG)","A051600","한전KPS",".964536243180042","OK","414"
"2021-08-13","ALL","OP(12MF_1M_CHG)","A051900","LG생활건강","-2.70774849418113","OK","415"
"2021-08-13","ALL","OP(12MF_1M_CHG)","A051910","LG화학","6.37613114227815","OK","416"
"2021-08-13","ALL","OP(12MF_1M_CHG)","A052020","에스티큐브","","BLANK","417"
"2021-08-13","ALL","OP(12MF_1M_CHG)","A052260","현대바이오랜드","","BLANK","418"
"2021-08-13","ALL","OP(12MF_1M_CHG)","A052400","코나아이","","BLANK","419"
"2021-08-13","ALL","OP(12MF_1M_CHG)","A052690","한전기술","-24.7887323943662","OK","420"
"2021-08-13","ALL","OP(12MF_1M_CHG)","A052710","아모텍","15.2255639097744","OK","421"
"2021-08-13","ALL","OP(12MF_1M_CHG)","A053030","바이넥스","","BLANK","422"
"2021-08-13","ALL","OP(12MF_1M_CHG)","A053210","스카이라이프","-.024274790629926","OK","423"
"2021-08-13","ALL","OP(12MF_1M_CHG)","A053280","예스24","1.35834411384217","OK","424"
"2021-08-13","ALL","OP(12MF_1M_CHG)","A053290","NE능률","","BLANK","425"
"2021-08-13","ALL","OP(12MF_1M_CHG)","A053580","웹케시",".347222222222224","OK","426"
"2021-08-13","ALL","OP(12MF_1M_CHG)","A053610","프로텍","","BLANK","427"
"2021-08-13","ALL","OP(12MF_1M_CHG)","A053800","안랩","","BLANK","428"
"2021-08-13","ALL","OP(12MF_1M_CHG)","A054620","APS","","BLANK","429"
"2021-08-13","ALL","OP(12MF_1M_CHG)","A054780","키이스트","","BLANK","430"
"2021-08-13","ALL","OP(12MF_1M_CHG)","A054920","한컴위드","","BLANK","431"
"2021-08-13","ALL","OP(12MF_1M_CHG)","A055490","테이팩스","","BLANK","432"
"2021-08-13","ALL","OP(12MF_1M_CHG)","A055550","신한지주","2.57690452112911","OK","433"
"2021-08-13","ALL","OP(12MF_1M_CHG)","A056190","SFA","1.6959742926002","OK","434"
"2021-08-13","ALL","OP(12MF_1M_CHG)","A057050","현대홈쇼핑","1.02297501257757","OK","435"
"2021-08-13","ALL","OP(12MF_1M_CHG)","A058430","포스코스틸리온","","BLANK","436"
"2021-08-13","ALL","OP(12MF_1M_CHG)","A058470","리노공업","1.66164521135761","OK","437"
"2021-08-13","ALL","OP(12MF_1M_CHG)","A058610","에스피지","","BLANK","438"
"2021-08-13","ALL","OP(12MF_1M_CHG)","A058650","세아홀딩스","","BLANK","439"
"2021-08-13","ALL","OP(12MF_1M_CHG)","A058820","CMG제약","","BLANK","440"
"2021-08-13","ALL","OP(12MF_1M_CHG)","A059090","미코","","BLANK","441"
"2021-08-13","ALL","OP(12MF_1M_CHG)","A060150","인선이엔티","-1.89086980010806","OK","442"
"2021-08-13","ALL","OP(12MF_1M_CHG)","A060250","NHN KCP","4.8767697954903","OK","443"
"2021-08-13","ALL","OP(12MF_1M_CHG)","A060280","큐렉소","","BLANK","444"
"2021-08-13","ALL","OP(12MF_1M_CHG)","A060570","드림어스컴퍼니","","BLANK","445"
"2021-08-13","ALL","OP(12MF_1M_CHG)","A060590","씨티씨바이오","","BLANK","446"
"2021-08-13","ALL","OP(12MF_1M_CHG)","A060720","KH바텍","-1.92689147067158","OK","447"
"2021-08-13","ALL","OP(12MF_1M_CHG)","A060900","에이전트AI","","BLANK","448"
"2021-08-13","ALL","OP(12MF_1M_CHG)","A060980","HL홀딩스","8.7002916696308","OK","449"
"2021-08-13","ALL","OP(12MF_1M_CHG)","A061970","LB세미콘","3.0181623931624","OK","450"
"2021-08-13","ALL","OP(12MF_1M_CHG)","A063160","종근당바이오","","BLANK","451"
"2021-08-13","ALL","OP(12MF_1M_CHG)","A063170","서울옥션","13.8607594936709","OK","452"
"2021-08-13","ALL","OP(12MF_1M_CHG)","A064260","다날","","BLANK","453"
"2021-08-13","ALL","OP(12MF_1M_CHG)","A064290","인텍플러스","","BLANK","454"
"2021-08-13","ALL","OP(12MF_1M_CHG)","A064350","현대로템","1.29059829059829","OK","455"
"2021-08-13","ALL","OP(12MF_1M_CHG)","A064550","바이오니아","","BLANK","456"
"2021-08-13","ALL","OP(12MF_1M_CHG)","A064760","티씨케이","3.53025292698186","OK","457"
"2021-08-13","ALL","OP(12MF_1M_CHG)","A064960","SNT모티브","-3.2927230819888","OK","458"
"2021-08-13","ALL","OP(12MF_1M_CHG)","A065350","신성델타테크","","BLANK","459"
"2021-08-13","ALL","OP(12MF_1M_CHG)","A065660","안트로젠","","BLANK","460"
"2021-08-13","ALL","OP(12MF_1M_CHG)","A065680","우주일렉트로","","BLANK","461"
"2021-08-13","ALL","OP(12MF_1M_CHG)","A066570","LG전자","4.38749741081161","OK","462"
"2021-08-13","ALL","OP(12MF_1M_CHG)","A066700","테라젠이텍스","","BLANK","463"
"2021-08-13","ALL","OP(12MF_1M_CHG)","A066970","엘앤에프","16.105299459708","OK","464"
"2021-08-13","ALL","OP(12MF_1M_CHG)","A067000","조이시티","2.25713653463156","OK","465"
"2021-08-13","ALL","OP(12MF_1M_CHG)","A067160","SOOP","8.21600965406275","OK","466"
"2021-08-13","ALL","OP(12MF_1M_CHG)","A067310","하나마이크론","","BLANK","467"
"2021-08-13","ALL","OP(12MF_1M_CHG)","A067370","선바이오","","BLANK","468"
"2021-08-13","ALL","OP(12MF_1M_CHG)","A067630","HLB생명과학","","BLANK","469"
"2021-08-13","ALL","OP(12MF_1M_CHG)","A067900","와이엔텍","","BLANK","470"
"2021-08-13","ALL","OP(12MF_1M_CHG)","A068240","다원시스","","BLANK","471"
"2021-08-13","ALL","OP(12MF_1M_CHG)","A068270","셀트리온","1.95207564740857","OK","472"
"2021-08-13","ALL","OP(12MF_1M_CHG)","A068290","삼성출판사","","BLANK","473"
"2021-08-13","ALL","OP(12MF_1M_CHG)","A068330","일신바이오","","BLANK","474"
"2021-08-13","ALL","OP(12MF_1M_CHG)","A068760","셀트리온제약","","BLANK","475"
"2021-08-13","ALL","OP(12MF_1M_CHG)","A068930","디지털대성","","BLANK","476"
"2021-08-13","ALL","OP(12MF_1M_CHG)","A069080","웹젠","-10.7121119902617","OK","477"
"2021-08-13","ALL","OP(12MF_1M_CHG)","A069260","TKG휴켐스","-.681375730045428","OK","478"
"2021-08-13","ALL","OP(12MF_1M_CHG)","A069620","대웅제약","25.8592712789497","OK","479"
"2021-08-13","ALL","OP(12MF_1M_CHG)","A069960","현대백화점","-.993320774105144","OK","480"
"2021-08-13","ALL","OP(12MF_1M_CHG)","A070960","모나용평","-23.7772761474793","OK","481"
"2021-08-13","ALL","OP(12MF_1M_CHG)","A071050","한국금융지주","2.88257767961079","OK","482"
"2021-08-13","ALL","OP(12MF_1M_CHG)","A071320","지역난방공사","1.63236337828246","OK","483"
"2021-08-13","ALL","OP(12MF_1M_CHG)","A071840","롯데하이마트","-6.5973940293584","OK","484"
"2021-08-13","ALL","OP(12MF_1M_CHG)","A072710","농심홀딩스","","BLANK","485"
"2021-08-13","ALL","OP(12MF_1M_CHG)","A073240","금호타이어","3.10161252989737","OK","486"
"2021-08-13","ALL","OP(12MF_1M_CHG)","A073490","LIG아큐버","10.6604264170567","OK","487"
"2021-08-13","ALL","OP(12MF_1M_CHG)","A074430","아미노로직스","","BLANK","488"
"2021-08-13","ALL","OP(12MF_1M_CHG)","A074600","원익QnC","6.24798711755233","OK","489"
"2021-08-13","ALL","OP(12MF_1M_CHG)","A075580","세진중공업","1.40480591497227","OK","490"
"2021-08-13","ALL","OP(12MF_1M_CHG)","A077360","덕산하이메탈","","BLANK","491"
"2021-08-13","ALL","OP(12MF_1M_CHG)","A077500","유니퀘스트","3.337213814513","OK","492"
"2021-08-13","ALL","OP(12MF_1M_CHG)","A077970","STX엔진","","BLANK","493"
"2021-08-13","ALL","OP(12MF_1M_CHG)","A078020","LS증권","","BLANK","494"
"2021-08-13","ALL","OP(12MF_1M_CHG)","A078070","유비쿼스홀딩스","","BLANK","495"
"2021-08-13","ALL","OP(12MF_1M_CHG)","A078130","국일제지","","BLANK","496"
"2021-08-13","ALL","OP(12MF_1M_CHG)","A078150","HB테크놀러지","","BLANK","497"
"2021-08-13","ALL","OP(12MF_1M_CHG)","A078160","메디포스트","","BLANK","498"
"2021-08-13","ALL","OP(12MF_1M_CHG)","A078340","컴투스","-31.2773703371498","OK","499"
"2021-08-13","ALL","OP(12MF_1M_CHG)","A078590","휴림에이텍","","BLANK","500"
"2021-08-13","ALL","OP(12MF_1M_CHG)","A078600","대주전자재료","2.95288652952887","OK","501"
"2021-08-13","ALL","OP(12MF_1M_CHG)","A078890","가온그룹","","BLANK","502"
"2021-08-13","ALL","OP(12MF_1M_CHG)","A078930","GS","6.9500954511271","OK","503"
"2021-08-13","ALL","OP(12MF_1M_CHG)","A079160","CJ CGV","7.5817296545328","OK","504"
"2021-08-13","ALL","OP(12MF_1M_CHG)","A079370","제우스","","BLANK","505"
"2021-08-13","ALL","OP(12MF_1M_CHG)","A079430","현대리바트","","BLANK","506"
"2021-08-13","ALL","OP(12MF_1M_CHG)","A079550","LIG디펜스앤에어로스페이스","3.31676640632924","OK","507"
"2021-08-13","ALL","OP(12MF_1M_CHG)","A079980","휴비스","","BLANK","508"
"2021-08-13","ALL","OP(12MF_1M_CHG)","A080160","모두투어","36.0230547550432","OK","509"
"2021-08-13","ALL","OP(12MF_1M_CHG)","A080420","모다이노칩","","BLANK","510"
"2021-08-13","ALL","OP(12MF_1M_CHG)","A080580","오킨스전자","","BLANK","511"
"2021-08-13","ALL","OP(12MF_1M_CHG)","A081000","일진다이아","","BLANK","512"
"2021-08-13","ALL","OP(12MF_1M_CHG)","A081660","미스토홀딩스","2.63057183717041","OK","513"
"2021-08-13","ALL","OP(12MF_1M_CHG)","A082270","젬백스","","BLANK","514"
"2021-08-13","ALL","OP(12MF_1M_CHG)","A082640","동양생명","29.1343949439247","OK","515"
"2021-08-13","ALL","OP(12MF_1M_CHG)","A082740","한화엔진","25.9259259259259","OK","516"
"2021-08-13","ALL","OP(12MF_1M_CHG)","A082800","비보존 제약","","BLANK","517"
"2021-08-13","ALL","OP(12MF_1M_CHG)","A082920","비츠로셀","","BLANK","518"
"2021-08-13","ALL","OP(12MF_1M_CHG)","A083310","엘오티베큠","16.969696969697","OK","519"
"2021-08-13","ALL","OP(12MF_1M_CHG)","A083420","그린케미칼","","BLANK","520"
"2021-08-13","ALL","OP(12MF_1M_CHG)","A083450","GST","5.50559333187102","OK","521"
"2021-08-13","ALL","OP(12MF_1M_CHG)","A083790","CG인바이츠","","BLANK","522"
"2021-08-13","ALL","OP(12MF_1M_CHG)","A084010","대한제강","5.35661085622355","OK","523"
"2021-08-13","ALL","OP(12MF_1M_CHG)","A084110","휴온스글로벌","","BLANK","524"
"2021-08-13","ALL","OP(12MF_1M_CHG)","A084370","유진테크","6.29191158208459","OK","525"
"2021-08-13","ALL","OP(12MF_1M_CHG)","A084650","랩지노믹스","","BLANK","526"
"2021-08-13","ALL","OP(12MF_1M_CHG)","A084680","이월드","","BLANK","527"
"2021-08-13","ALL","OP(12MF_1M_CHG)","A084690","대상홀딩스","","BLANK","528"
"2021-08-13","ALL","OP(12MF_1M_CHG)","A084850","아이티엠반도체","4.68147604185791","OK","529"
"2021-08-13","ALL","OP(12MF_1M_CHG)","A084990","헬릭스미스","","BLANK","530"
"2021-08-13","ALL","OP(12MF_1M_CHG)","A085620","미래에셋생명","-4.75198732803379","OK","531"
"2021-08-13","ALL","OP(12MF_1M_CHG)","A085660","차바이오텍","","BLANK","532"
"2021-08-13","ALL","OP(12MF_1M_CHG)","A086280","현대글로비스","7.72582624430623","OK","533"
"2021-08-13","ALL","OP(12MF_1M_CHG)","A086390","유니테스트","10.7084019769358","OK","534"
"2021-08-13","ALL","OP(12MF_1M_CHG)","A086450","동국제약","1.30858186244675","OK","535"
"2021-08-13","ALL","OP(12MF_1M_CHG)","A086520","에코프로","","BLANK","536"
"2021-08-13","ALL","OP(12MF_1M_CHG)","A086790","하나금융지주","4.98033769050423","OK","537"
"2021-08-13","ALL","OP(12MF_1M_CHG)","A086890","이수앱지스","","BLANK","538"
"2021-08-13","ALL","OP(12MF_1M_CHG)","A086900","메디톡스","7.36613210111444","OK","539"
"2021-08-13","ALL","OP(12MF_1M_CHG)","A086980","쇼박스","","BLANK","540"
"2021-08-13","ALL","OP(12MF_1M_CHG)","A088350","한화생명","-3.34387432418648","OK","541"
"2021-08-13","ALL","OP(12MF_1M_CHG)","A088800","에이스테크","","BLANK","542"
"2021-08-13","ALL","OP(12MF_1M_CHG)","A089010","켐트로닉스","","BLANK","543"
"2021-08-13","ALL","OP(12MF_1M_CHG)","A089030","테크윙","3.59116022099447","OK","544"
"2021-08-13","ALL","OP(12MF_1M_CHG)","A089140","넥스턴앤롤코리아","","BLANK","545"
"2021-08-13","ALL","OP(12MF_1M_CHG)","A089590","제주항공","10.4830917874396","OK","546"
"2021-08-13","ALL","OP(12MF_1M_CHG)","A089600","KT나스미디어","4.53467694131595","OK","547"
"2021-08-13","ALL","OP(12MF_1M_CHG)","A089970","브이엠","4.25602111514351","OK","548"
"2021-08-13","ALL","OP(12MF_1M_CHG)","A089980","상아프론테크","3.25560932688077","OK","549"
"2021-08-13","ALL","OP(12MF_1M_CHG)","A090360","로보스타","","BLANK","550"
"2021-08-13","ALL","OP(12MF_1M_CHG)","A090430","아모레퍼시픽","-7.00389758752773","OK","551"
"2021-08-13","ALL","OP(12MF_1M_CHG)","A090460","비에이치","10.6216139150271","OK","552"
"2021-08-13","ALL","OP(12MF_1M_CHG)","A090850","현대이지웰","1.56479217603912","OK","553"
"2021-08-13","ALL","OP(12MF_1M_CHG)","A091120","이엠텍",".278810408921944","OK","554"
"2021-08-13","ALL","OP(12MF_1M_CHG)","A091580","상신이디피","","BLANK","555"
"2021-08-13","ALL","OP(12MF_1M_CHG)","A091700","파트론","-3.05580732875825","OK","556"
"2021-08-13","ALL","OP(12MF_1M_CHG)","A091810","트리니티항공","8.44243792325055","OK","557"
"2021-08-13","ALL","OP(12MF_1M_CHG)","A092040","아미코젠","","BLANK","558"
"2021-08-13","ALL","OP(12MF_1M_CHG)","A092070","디엔에프","","BLANK","559"
"2021-08-13","ALL","OP(12MF_1M_CHG)","A092190","서울바이오시스","-7.27748691099476","OK","560"
"2021-08-13","ALL","OP(12MF_1M_CHG)","A092220","KEC","","BLANK","561"
"2021-08-13","ALL","OP(12MF_1M_CHG)","A092230","KPX홀딩스","","BLANK","562"
"2021-08-13","ALL","OP(12MF_1M_CHG)","A092730","네오팜","1.8702290076336","OK","563"
"2021-08-13","ALL","OP(12MF_1M_CHG)","A093050","LF",".654761904761913","OK","564"
"2021-08-13","ALL","OP(12MF_1M_CHG)","A093320","케이아이엔엑스","","BLANK","565"
"2021-08-13","ALL","OP(12MF_1M_CHG)","A093370","후성","21.2506486766995","OK","566"
"2021-08-13","ALL","OP(12MF_1M_CHG)","A094280","효성ITX","","BLANK","567"
"2021-08-13","ALL","OP(12MF_1M_CHG)","A094480","갤럭시아머니트리","","BLANK","568"
"2021-08-13","ALL","OP(12MF_1M_CHG)","A095340","ISC","","BLANK","569"
"2021-08-13","ALL","OP(12MF_1M_CHG)","A095570","AJ네트웍스","","BLANK","570"
"2021-08-13","ALL","OP(12MF_1M_CHG)","A095610","테스","6.49713922441195","OK","571"
"2021-08-13","ALL","OP(12MF_1M_CHG)","A095660","네오위즈","-4.46101885730369","OK","572"
"2021-08-13","ALL","OP(12MF_1M_CHG)","A095700","제넥신","","BLANK","573"
"2021-08-13","ALL","OP(12MF_1M_CHG)","A095720","웅진씽크빅","2.93959007551241","OK","574"
"2021-08-13","ALL","OP(12MF_1M_CHG)","A096530","씨젠","-38.6332941609808","OK","575"
"2021-08-13","ALL","OP(12MF_1M_CHG)","A096760","JW홀딩스","","BLANK","576"
"2021-08-13","ALL","OP(12MF_1M_CHG)","A096770","SK이노베이션",".401749978603542","OK","577"
"2021-08-13","ALL","OP(12MF_1M_CHG)","A097230","HJ중공업","","BLANK","578"
"2021-08-13","ALL","OP(12MF_1M_CHG)","A097520","엠씨넥스","-6.40505918598995","OK","579"
"2021-08-13","ALL","OP(12MF_1M_CHG)","A097780","에코볼트","","BLANK","580"
"2021-08-13","ALL","OP(12MF_1M_CHG)","A097950","CJ제일제당","3.50214019678693","OK","581"
"2021-08-13","ALL","OP(12MF_1M_CHG)","A098460","고영","1.9002375296912","OK","582"
"2021-08-13","ALL","OP(12MF_1M_CHG)","A099190","아이센스","10.6170094496943","OK","583"
"2021-08-13","ALL","OP(12MF_1M_CHG)","A099320","쎄트렉아이","","BLANK","584"
"2021-08-13","ALL","OP(12MF_1M_CHG)","A099750","이지케어텍","","BLANK","585"
"2021-08-13","ALL","OP(12MF_1M_CHG)","A100090","SK오션플랜트","2.54951538137379","OK","586"
"2021-08-13","ALL","OP(12MF_1M_CHG)","A100120","뷰웍스","14.6534653465347","OK","587"
"2021-08-13","ALL","OP(12MF_1M_CHG)","A100130","동국S&C","","BLANK","588"
"2021-08-13","ALL","OP(12MF_1M_CHG)","A100790","미래에셋벤처투자","","BLANK","589"
"2021-08-13","ALL","OP(12MF_1M_CHG)","A101160","월덱스","1.46341463414634","OK","590"
"2021-08-13","ALL","OP(12MF_1M_CHG)","A101360","에코앤드림","-6.75741370928537","OK","591"
"2021-08-13","ALL","OP(12MF_1M_CHG)","A101490","에스앤에스텍","","BLANK","592"
"2021-08-13","ALL","OP(12MF_1M_CHG)","A101530","해태제과식품","","BLANK","593"
"2021-08-13","ALL","OP(12MF_1M_CHG)","A102120","어보브반도체","","BLANK","594"
"2021-08-13","ALL","OP(12MF_1M_CHG)","A102260","동성케미컬","","BLANK","595"
"2021-08-13","ALL","OP(12MF_1M_CHG)","A102460","이연제약","","BLANK","596"
"2021-08-13","ALL","OP(12MF_1M_CHG)","A102710","이엔에프테크놀로지","2.53631042705397","OK","597"
"2021-08-13","ALL","OP(12MF_1M_CHG)","A102940","코오롱생명과학","","BLANK","598"
"2021-08-13","ALL","OP(12MF_1M_CHG)","A103140","풍산","15.1873039306145","OK","599"
"2021-08-13","ALL","OP(12MF_1M_CHG)","A104460","디와이피엔에프","","BLANK","600"
"2021-08-13","ALL","OP(12MF_1M_CHG)","A104480","티케이케미칼","","BLANK","601"
"2021-08-13","ALL","OP(12MF_1M_CHG)","A104700","한국철강","-1.15729421352893","OK","602"
"2021-08-13","ALL","OP(12MF_1M_CHG)","A104830","원익머트리얼즈","-3.78679109834889","OK","603"
"2021-08-13","ALL","OP(12MF_1M_CHG)","A105560","KB금융","3.45752175062089","OK","604"
"2021-08-13","ALL","OP(12MF_1M_CHG)","A105630","한세실업",".8428981348637","OK","605"
"2021-08-13","ALL","OP(12MF_1M_CHG)","A106240","파인테크닉스","","BLANK","606"
"2021-08-13","ALL","OP(12MF_1M_CHG)","A107590","미원홀딩스","","BLANK","607"
"2021-08-13","ALL","OP(12MF_1M_CHG)","A108230","톱텍","","BLANK","608"
"2021-08-13","ALL","OP(12MF_1M_CHG)","A108320","LX세미콘","4.57676162530057","OK","609"
"2021-08-13","ALL","OP(12MF_1M_CHG)","A108670","LX하우시스","9.81192334989354","OK","610"
"2021-08-13","ALL","OP(12MF_1M_CHG)","A109820","진매트릭스","","BLANK","611"
"2021-08-13","ALL","OP(12MF_1M_CHG)","A110790","크리스에프앤씨","1.12017701562716","OK","612"
"2021-08-13","ALL","OP(12MF_1M_CHG)","A111770","영원무역","1.85924236665398","OK","613"
"2021-08-13","ALL","OP(12MF_1M_CHG)","A112040","위메이드","11.3434779070714","OK","614"
"2021-08-13","ALL","OP(12MF_1M_CHG)","A112610","씨에스윈드","2.90737404485308","OK","615"
"2021-08-13","ALL","OP(12MF_1M_CHG)","A114090","GKL","255.345060893099","OK","616"
"2021-08-13","ALL","OP(12MF_1M_CHG)","A114810","한솔아이원스","5.5536968885915","OK","617"
"2021-08-13","ALL","OP(12MF_1M_CHG)","A115180","큐리언트","","BLANK","618"
"2021-08-13","ALL","OP(12MF_1M_CHG)","A115450","HLB테라퓨틱스","","BLANK","619"
"2021-08-13","ALL","OP(12MF_1M_CHG)","A119610","인터로조","9.67328635490071","OK","620"
"2021-08-13","ALL","OP(12MF_1M_CHG)","A120110","코오롱인더","7.37168446434723","OK","621"
"2021-08-13","ALL","OP(12MF_1M_CHG)","A121440","골프존홀딩스","","BLANK","622"
"2021-08-13","ALL","OP(12MF_1M_CHG)","A121600","나노신소재","","BLANK","623"
"2021-08-13","ALL","OP(12MF_1M_CHG)","A121800","비덴트","","BLANK","624"
"2021-08-13","ALL","OP(12MF_1M_CHG)","A122450","KX","","BLANK","625"
"2021-08-13","ALL","OP(12MF_1M_CHG)","A122870","와이지엔터테인먼트","22.0133938215597","OK","626"
"2021-08-13","ALL","OP(12MF_1M_CHG)","A122900","아이마켓코리아","","BLANK","627"
"2021-08-13","ALL","OP(12MF_1M_CHG)","A122990","와이솔","3.13796680497926","OK","628"
"2021-08-13","ALL","OP(12MF_1M_CHG)","A123860","아나패스","","BLANK","629"
"2021-08-13","ALL","OP(12MF_1M_CHG)","A123890","한국자산신탁",".77224810002451","OK","630"
"2021-08-13","ALL","OP(12MF_1M_CHG)","A126340","비나텍","-3.14533622559654","OK","631"
"2021-08-13","ALL","OP(12MF_1M_CHG)","A126560","현대퓨처넷","","BLANK","632"
"2021-08-13","ALL","OP(12MF_1M_CHG)","A126700","하이비젼시스템","","BLANK","633"
"2021-08-13","ALL","OP(12MF_1M_CHG)","A128940","한미약품","-10.7056164727547","OK","634"
"2021-08-13","ALL","OP(12MF_1M_CHG)","A130660","한전산업","","BLANK","635"
"2021-08-13","ALL","OP(12MF_1M_CHG)","A131290","티에스이","7.9856808481344","OK","636"
"2021-08-13","ALL","OP(12MF_1M_CHG)","A131370","알서포트","","BLANK","637"
"2021-08-13","ALL","OP(12MF_1M_CHG)","A131970","두산테스나","3.79838243789718","OK","638"
"2021-08-13","ALL","OP(12MF_1M_CHG)","A136480","하림","","BLANK","639"
"2021-08-13","ALL","OP(12MF_1M_CHG)","A136490","선진","","BLANK","640"
"2021-08-13","ALL","OP(12MF_1M_CHG)","A137310","에스디바이오센서","-3.68608799048751","OK","641"
"2021-08-13","ALL","OP(12MF_1M_CHG)","A137400","피엔티","","BLANK","642"
"2021-08-13","ALL","OP(12MF_1M_CHG)","A138040","메리츠금융지주","","BLANK","643"
"2021-08-13","ALL","OP(12MF_1M_CHG)","A138080","오이솔루션",".842020850040085","OK","644"
"2021-08-13","ALL","OP(12MF_1M_CHG)","A138610","나이벡","","BLANK","645"
"2021-08-13","ALL","OP(12MF_1M_CHG)","A138930","BNK금융지주","10.6161656895286","OK","646"
"2021-08-13","ALL","OP(12MF_1M_CHG)","A139130","iM금융지주","11.3092139510671","OK","647"
"2021-08-13","ALL","OP(12MF_1M_CHG)","A139480","이마트","7.64838498978109","OK","648"
"2021-08-13","ALL","OP(12MF_1M_CHG)","A139670","키네마스터","","BLANK","649"
"2021-08-13","ALL","OP(12MF_1M_CHG)","A140410","메지온","","BLANK","650"
"2021-08-13","ALL","OP(12MF_1M_CHG)","A140860","파크시스템스","3.75302663438257","OK","651"
"2021-08-13","ALL","OP(12MF_1M_CHG)","A141080","리가켐바이오","","BLANK","652"
"2021-08-13","ALL","OP(12MF_1M_CHG)","A142760","모아라이프플러스","","BLANK","653"
"2021-08-13","ALL","OP(12MF_1M_CHG)","A143160","아이디스","","BLANK","654"
"2021-08-13","ALL","OP(12MF_1M_CHG)","A143240","사람인","1.4465577283686","OK","655"
"2021-08-13","ALL","OP(12MF_1M_CHG)","A144510","지씨셀","","BLANK","656"
"2021-08-13","ALL","OP(12MF_1M_CHG)","A144960","뉴파워프라즈마","","BLANK","657"
"2021-08-13","ALL","OP(12MF_1M_CHG)","A145020","휴젤","6.29311078940644","OK","658"
"2021-08-13","ALL","OP(12MF_1M_CHG)","A145720","덴티움","11.1277969665115","OK","659"
"2021-08-13","ALL","OP(12MF_1M_CHG)","A145990","삼양사","","BLANK","660"
"2021-08-13","ALL","OP(12MF_1M_CHG)","A148150","세경하이테크","2.08205756276793","OK","661"
"2021-08-13","ALL","OP(12MF_1M_CHG)","A149950","아바텍","","BLANK","662"
"2021-08-13","ALL","OP(12MF_1M_CHG)","A151860","KG에코솔루션",".869826034793039","OK","663"
"2021-08-13","ALL","OP(12MF_1M_CHG)","A156100","엘앤케이바이오","","BLANK","664"
"2021-08-13","ALL","OP(12MF_1M_CHG)","A160550","NEW","8.09859154929579","OK","665"
"2021-08-13","ALL","OP(12MF_1M_CHG)","A161000","애경케미칼","","BLANK","666"
"2021-08-13","ALL","OP(12MF_1M_CHG)","A161390","한국타이어앤테크놀로지","3.15959323051522","OK","667"
"2021-08-13","ALL","OP(12MF_1M_CHG)","A161890","한국콜마",".200234757992123","OK","668"
"2021-08-13","ALL","OP(12MF_1M_CHG)","A166090","하나머티리얼즈","5.22078555745304","OK","669"
"2021-08-13","ALL","OP(12MF_1M_CHG)","A166480","코아스템켐온","","BLANK","670"
"2021-08-13","ALL","OP(12MF_1M_CHG)","A170900","동아에스티","-13.7688869972335","OK","671"
"2021-08-13","ALL","OP(12MF_1M_CHG)","A174900","앱클론","","BLANK","672"
"2021-08-13","ALL","OP(12MF_1M_CHG)","A175250","아이큐어","","BLANK","673"
"2021-08-13","ALL","OP(12MF_1M_CHG)","A175330","JB금융지주","4.25665051503385","OK","674"
"2021-08-13","ALL","OP(12MF_1M_CHG)","A178320","서진시스템","2.11651299245599","OK","675"
"2021-08-13","ALL","OP(12MF_1M_CHG)","A178920","PI첨단소재","6.02076889085285","OK","676"
"2021-08-13","ALL","OP(12MF_1M_CHG)","A180640","한진칼","27.5053814876824","OK","677"
"2021-08-13","ALL","OP(12MF_1M_CHG)","A181710","NHN","2.62269722964421","OK","678"
"2021-08-13","ALL","OP(12MF_1M_CHG)","A182400","엔케이젠바이오텍코리아","","BLANK","679"
"2021-08-13","ALL","OP(12MF_1M_CHG)","A183190","아세아시멘트","2.30282581189372","OK","680"
"2021-08-13","ALL","OP(12MF_1M_CHG)","A183300","코미코",".924124513618678","OK","681"
"2021-08-13","ALL","OP(12MF_1M_CHG)","A183490","엔지켐생명과학","","BLANK","682"
"2021-08-13","ALL","OP(12MF_1M_CHG)","A185490","아이진","","BLANK","683"
"2021-08-13","ALL","OP(12MF_1M_CHG)","A185750","종근당","-1.4958354580996","OK","684"
"2021-08-13","ALL","OP(12MF_1M_CHG)","A187870","디바이스","","BLANK","685"
"2021-08-13","ALL","OP(12MF_1M_CHG)","A189300","인텔리안테크","-7.91489361702127","OK","686"
"2021-08-13","ALL","OP(12MF_1M_CHG)","A189330","씨이랩","","BLANK","687"
"2021-08-13","ALL","OP(12MF_1M_CHG)","A192080","더블유게임즈","2.72678427509627","OK","688"
"2021-08-13","ALL","OP(12MF_1M_CHG)","A192400","쿠쿠홀딩스","","BLANK","689"
"2021-08-13","ALL","OP(12MF_1M_CHG)","A192440","슈피겐코리아","1.41672425708362","OK","690"
"2021-08-13","ALL","OP(12MF_1M_CHG)","A192650","드림텍","1.54382996722006","OK","691"
"2021-08-13","ALL","OP(12MF_1M_CHG)","A192820","코스맥스","8.84018714602314","OK","692"
"2021-08-13","ALL","OP(12MF_1M_CHG)","A194370","제이에스코퍼레이션","9.8935389133627","OK","693"
"2021-08-13","ALL","OP(12MF_1M_CHG)","A194480","데브시스터즈","-37.3341338937256","OK","694"
"2021-08-13","ALL","OP(12MF_1M_CHG)","A194700","노바렉스","2.78524309797215","OK","695"
"2021-08-13","ALL","OP(12MF_1M_CHG)","A195870","해성디에스","23.534098151689","OK","696"
"2021-08-13","ALL","OP(12MF_1M_CHG)","A195940","HK이노엔","","BLANK","697"
"2021-08-13","ALL","OP(12MF_1M_CHG)","A195990","루트K","","BLANK","698"
"2021-08-13","ALL","OP(12MF_1M_CHG)","A196170","알테오젠","6.1280383430332","OK","699"
"2021-08-13","ALL","OP(12MF_1M_CHG)","A199800","툴젠","","BLANK","700"
"2021-08-13","ALL","OP(12MF_1M_CHG)","A200130","콜마비앤에이치","-3.33309075030928","OK","701"
"2021-08-13","ALL","OP(12MF_1M_CHG)","A200230","텔콘RF제약","","BLANK","702"
"2021-08-13","ALL","OP(12MF_1M_CHG)","A200670","휴메딕스","4.54368932038836","OK","703"
"2021-08-13","ALL","OP(12MF_1M_CHG)","A200710","에이디테크놀로지","","BLANK","704"
"2021-08-13","ALL","OP(12MF_1M_CHG)","A203650","드림시큐리티","","BLANK","705"
"2021-08-13","ALL","OP(12MF_1M_CHG)","A204270","제이앤티씨","3.90311901028054","OK","706"
"2021-08-13","ALL","OP(12MF_1M_CHG)","A204320","HL만도","2.67454560730389","OK","707"
"2021-08-13","ALL","OP(12MF_1M_CHG)","A205470","휴마시스","","BLANK","708"
"2021-08-13","ALL","OP(12MF_1M_CHG)","A206560","덱스터","3.46320346320347","OK","709"
"2021-08-13","ALL","OP(12MF_1M_CHG)","A206640","바디텍메드","","BLANK","710"
"2021-08-13","ALL","OP(12MF_1M_CHG)","A206650","유바이오로직스","","BLANK","711"
"2021-08-13","ALL","OP(12MF_1M_CHG)","A207760","미스터블루","","BLANK","712"
"2021-08-13","ALL","OP(12MF_1M_CHG)","A207940","삼성바이오로직스","7.83804934305367","OK","713"
"2021-08-13","ALL","OP(12MF_1M_CHG)","A208640","썸에이지","","BLANK","714"
"2021-08-13","ALL","OP(12MF_1M_CHG)","A210980","SK디앤디","3.03354746609564","OK","715"
"2021-08-13","ALL","OP(12MF_1M_CHG)","A213420","덕산네오룩스","5.14729685982517","OK","716"
"2021-08-13","ALL","OP(12MF_1M_CHG)","A213500","한솔제지","6.28940038117579","OK","717"
"2021-08-13","ALL","OP(12MF_1M_CHG)","A214150","클래시스","3.03219756173805","OK","718"
"2021-08-13","ALL","OP(12MF_1M_CHG)","A214180","헥토이노베이션","1.93648334624322","OK","719"
"2021-08-13","ALL","OP(12MF_1M_CHG)","A214260","라파스","","BLANK","720"
"2021-08-13","ALL","OP(12MF_1M_CHG)","A214320","이노션",".387847446670991","OK","721"
"2021-08-13","ALL","OP(12MF_1M_CHG)","A214330","금호에이치티","","BLANK","722"
"2021-08-13","ALL","OP(12MF_1M_CHG)","A214370","케어젠","","BLANK","723"
"2021-08-13","ALL","OP(12MF_1M_CHG)","A214390","경보제약","","BLANK","724"
"2021-08-13","ALL","OP(12MF_1M_CHG)","A214450","파마리서치",".240473547909721","OK","725"
"2021-08-13","ALL","OP(12MF_1M_CHG)","A214610","롤링스톤","","BLANK","726"
"2021-08-13","ALL","OP(12MF_1M_CHG)","A215000","골프존","15.8035073325813","OK","727"
"2021-08-13","ALL","OP(12MF_1M_CHG)","A215200","메가스터디교육","-10.9141373444355","OK","728"
"2021-08-13","ALL","OP(12MF_1M_CHG)","A215600","신라젠","","BLANK","729"
"2021-08-13","ALL","OP(12MF_1M_CHG)","A216050","인크로스",".948033707865167","OK","730"
"2021-08-13","ALL","OP(12MF_1M_CHG)","A216080","제테마","-19.1364082433759","OK","731"
"2021-08-13","ALL","OP(12MF_1M_CHG)","A217270","넵튠","","BLANK","732"
"2021-08-13","ALL","OP(12MF_1M_CHG)","A217330","싸이토젠","","BLANK","733"
"2021-08-13","ALL","OP(12MF_1M_CHG)","A218410","RFHIC","-1.67660208643815","OK","734"
"2021-08-13","ALL","OP(12MF_1M_CHG)","A222080","SFA넥셀","","BLANK","735"
"2021-08-13","ALL","OP(12MF_1M_CHG)","A222800","심텍","20.6147281921618","OK","736"
"2021-08-13","ALL","OP(12MF_1M_CHG)","A225530","HC보광산업","","BLANK","737"
"2021-08-13","ALL","OP(12MF_1M_CHG)","A225570","넥슨게임즈","","BLANK","738"
"2021-08-13","ALL","OP(12MF_1M_CHG)","A226320","잇츠한불","","BLANK","739"
"2021-08-13","ALL","OP(12MF_1M_CHG)","A226950","올릭스","","BLANK","740"
"2021-08-13","ALL","OP(12MF_1M_CHG)","A228670","레이","9.80735551663747","OK","741"
"2021-08-13","ALL","OP(12MF_1M_CHG)","A228760","지노믹트리","","BLANK","742"
"2021-08-13","ALL","OP(12MF_1M_CHG)","A228850","레이언스","4.28677014042868","OK","743"
"2021-08-13","ALL","OP(12MF_1M_CHG)","A229640","LS에코에너지","1.39283683911314","OK","744"
"2021-08-13","ALL","OP(12MF_1M_CHG)","A230240","에치에프알","9.47901591895804","OK","745"
"2021-08-13","ALL","OP(12MF_1M_CHG)","A230360","에코마케팅","-2.68353726362626","OK","746"
"2021-08-13","ALL","OP(12MF_1M_CHG)","A232140","와이씨","","BLANK","747"
"2021-08-13","ALL","OP(12MF_1M_CHG)","A234080","JW생명과학","","BLANK","748"
"2021-08-13","ALL","OP(12MF_1M_CHG)","A234340","헥토파이낸셜","2.94416243654823","OK","749"
"2021-08-13","ALL","OP(12MF_1M_CHG)","A235980","메드팩토","","BLANK","750"
"2021-08-13","ALL","OP(12MF_1M_CHG)","A237690","에스티팜","","BLANK","751"
"2021-08-13","ALL","OP(12MF_1M_CHG)","A237880","클리오","4.68042274786109","OK","752"
"2021-08-13","ALL","OP(12MF_1M_CHG)","A240810","원익IPS","-1.28130233282704","OK","753"
"2021-08-13","ALL","OP(12MF_1M_CHG)","A241560","두산밥캣","2.74477741440298","OK","754"
"2021-08-13","ALL","OP(12MF_1M_CHG)","A241590","화승엔터프라이즈","3.09700781398895","OK","755"
"2021-08-13","ALL","OP(12MF_1M_CHG)","A241690","유니테크노","","BLANK","756"
"2021-08-13","ALL","OP(12MF_1M_CHG)","A241820","피씨엘","","BLANK","757"
"2021-08-13","ALL","OP(12MF_1M_CHG)","A241840","에이스토리","","BLANK","758"
"2021-08-13","ALL","OP(12MF_1M_CHG)","A243070","휴온스","-1.46274569556604","OK","759"
"2021-08-13","ALL","OP(12MF_1M_CHG)","A243840","신흥에스이씨",".987972508591067","OK","760"
"2021-08-13","ALL","OP(12MF_1M_CHG)","A244460","올리패스","","BLANK","761"
"2021-08-13","ALL","OP(12MF_1M_CHG)","A245620","EDGC","","BLANK","762"
"2021-08-13","ALL","OP(12MF_1M_CHG)","A246710","티앤알바이오팹","","BLANK","763"
"2021-08-13","ALL","OP(12MF_1M_CHG)","A247540","에코프로비엠","30.1553672316384","OK","764"
"2021-08-13","ALL","OP(12MF_1M_CHG)","A248070","솔루엠","-5.15808170515097","OK","765"
"2021-08-13","ALL","OP(12MF_1M_CHG)","A248170","샘표식품","","BLANK","766"
"2021-08-13","ALL","OP(12MF_1M_CHG)","A249420","일동제약","","BLANK","767"
"2021-08-13","ALL","OP(12MF_1M_CHG)","A251270","넷마블","-1.88212444218363","OK","768"
"2021-08-13","ALL","OP(12MF_1M_CHG)","A251370","와이엠티","2.287166454892","OK","769"
"2021-08-13","ALL","OP(12MF_1M_CHG)","A251970","펌텍코리아","1.28455738620497","OK","770"
"2021-08-13","ALL","OP(12MF_1M_CHG)","A252990","샘씨엔에스","","BLANK","771"
"2021-08-13","ALL","OP(12MF_1M_CHG)","A253450","스튜디오드래곤","-.907928388746813","OK","772"
"2021-08-13","ALL","OP(12MF_1M_CHG)","A253840","수젠텍","","BLANK","773"
"2021-08-13","ALL","OP(12MF_1M_CHG)","A256840","한국비엔씨","","BLANK","774"
"2021-08-13","ALL","OP(12MF_1M_CHG)","A256940","킵스파마","","BLANK","775"
"2021-08-13","ALL","OP(12MF_1M_CHG)","A259960","크래프톤","16.3870202840279","OK","776"
"2021-08-13","ALL","OP(12MF_1M_CHG)","A262260","에이프로","","BLANK","777"
"2021-08-13","ALL","OP(12MF_1M_CHG)","A263050","유틸렉스","","BLANK","778"
"2021-08-13","ALL","OP(12MF_1M_CHG)","A263720","디앤씨미디어","2.13061602593794","OK","779"
"2021-08-13","ALL","OP(12MF_1M_CHG)","A263750","펄어비스","-.869428380345414","OK","780"
"2021-08-13","ALL","OP(12MF_1M_CHG)","A265520","AP시스템","2.6395293369375","OK","781"
"2021-08-13","ALL","OP(12MF_1M_CHG)","A267250","HD현대","9.44383662831618","OK","782"
"2021-08-13","ALL","OP(12MF_1M_CHG)","A267260","HD현대일렉트릭",".637168141592919","OK","783"
"2021-08-13","ALL","OP(12MF_1M_CHG)","A267270","HD건설기계","-.246248199600428","OK","784"
"2021-08-13","ALL","OP(12MF_1M_CHG)","A267980","매일유업",".935925125989917","OK","785"
"2021-08-13","ALL","OP(12MF_1M_CHG)","A268280","미원에스씨","","BLANK","786"
"2021-08-13","ALL","OP(12MF_1M_CHG)","A270870","뉴트리",".221043324491603","OK","787"
"2021-08-13","ALL","OP(12MF_1M_CHG)","A271560","오리온","-3.12730968218772","OK","788"
"2021-08-13","ALL","OP(12MF_1M_CHG)","A271980","제일약품","","BLANK","789"
"2021-08-13","ALL","OP(12MF_1M_CHG)","A272210","한화시스템","17.0119521912351","OK","790"
"2021-08-13","ALL","OP(12MF_1M_CHG)","A272290","이녹스첨단소재","16.3810059005339","OK","791"
"2021-08-13","ALL","OP(12MF_1M_CHG)","A272450","진에어","11.4849187935035","OK","792"
"2021-08-13","ALL","OP(12MF_1M_CHG)","A272550","삼양패키징","9.46882217090068","OK","793"
"2021-08-13","ALL","OP(12MF_1M_CHG)","A277810","레인보우로보틱스","","BLANK","794"
"2021-08-13","ALL","OP(12MF_1M_CHG)","A278280","천보","3.53035143769968","OK","795"
"2021-08-13","ALL","OP(12MF_1M_CHG)","A280360","롯데웰푸드",".738719552775199","OK","796"
"2021-08-13","ALL","OP(12MF_1M_CHG)","A281740","레이크머티리얼즈","","BLANK","797"
"2021-08-13","ALL","OP(12MF_1M_CHG)","A281820","케이씨텍","1.23168676260859","OK","798"
"2021-08-13","ALL","OP(12MF_1M_CHG)","A282330","BGF리테일",".653828929690989","OK","799"
"2021-08-13","ALL","OP(12MF_1M_CHG)","A284620","카이노스메드","","BLANK","800"
"2021-08-13","ALL","OP(12MF_1M_CHG)","A284740","쿠쿠홈시스","4.7820823244552","OK","801"
"2021-08-13","ALL","OP(12MF_1M_CHG)","A285130","SK케미칼","-1.9038170823885","OK","802"
"2021-08-13","ALL","OP(12MF_1M_CHG)","A285490","노바텍","1.1748844375963","OK","803"
"2021-08-13","ALL","OP(12MF_1M_CHG)","A286940","롯데이노베이트",".300902708124373","OK","804"
"2021-08-13","ALL","OP(12MF_1M_CHG)","A288330","파라택시스코리아","","BLANK","805"
"2021-08-13","ALL","OP(12MF_1M_CHG)","A289220","자이언트스텝","7.03910614525141","OK","806"
"2021-08-13","ALL","OP(12MF_1M_CHG)","A290650","엘앤씨바이오","","BLANK","807"
"2021-08-13","ALL","OP(12MF_1M_CHG)","A290670","대보마그네틱","","BLANK","808"
"2021-08-13","ALL","OP(12MF_1M_CHG)","A290720","푸드나무","2.70979020979021","OK","809"
"2021-08-13","ALL","OP(12MF_1M_CHG)","A293480","하나제약","","BLANK","810"
"2021-08-13","ALL","OP(12MF_1M_CHG)","A293490","카카오게임즈","40.5342555601932","OK","811"
"2021-08-13","ALL","OP(12MF_1M_CHG)","A293780","압타바이오","","BLANK","812"
"2021-08-13","ALL","OP(12MF_1M_CHG)","A294090","이오플로우","","BLANK","813"
"2021-08-13","ALL","OP(12MF_1M_CHG)","A294140","레몬","","BLANK","814"
"2021-08-13","ALL","OP(12MF_1M_CHG)","A294570","쿠콘","6.95187165775401","OK","815"
"2021-08-13","ALL","OP(12MF_1M_CHG)","A294870","IPARK현대산업개발","1.18317431470544","OK","816"
"2021-08-13","ALL","OP(12MF_1M_CHG)","A297890","HB솔루션","81.656346749226","OK","817"
"2021-08-13","ALL","OP(12MF_1M_CHG)","A298000","효성화학","3.82223295694703","OK","818"
"2021-08-13","ALL","OP(12MF_1M_CHG)","A298020","효성티앤씨","13.2675653709257","OK","819"
"2021-08-13","ALL","OP(12MF_1M_CHG)","A298040","효성중공업","8.0765468329665","OK","820"
"2021-08-13","ALL","OP(12MF_1M_CHG)","A298050","HS효성첨단소재","13.7005798629415","OK","821"
"2021-08-13","ALL","OP(12MF_1M_CHG)","A298060","풍전약품","","BLANK","822"
"2021-08-13","ALL","OP(12MF_1M_CHG)","A298380","에이비엘바이오","","BLANK","823"
"2021-08-13","ALL","OP(12MF_1M_CHG)","A298690","에어부산","","BLANK","824"
"2021-08-13","ALL","OP(12MF_1M_CHG)","A299030","하나기술","-12.7056672760512","OK","825"
"2021-08-13","ALL","OP(12MF_1M_CHG)","A299660","셀리드","","BLANK","826"
"2021-08-13","ALL","OP(12MF_1M_CHG)","A299900","위지윅스튜디오","5.77414409810935","OK","827"
"2021-08-13","ALL","OP(12MF_1M_CHG)","A300120","라온피플","3.03030303030303","OK","828"
"2021-08-13","ALL","OP(12MF_1M_CHG)","A300720","한일시멘트","44.5520581113801","OK","829"
"2021-08-13","ALL","OP(12MF_1M_CHG)","A302440","SK바이오사이언스","","BLANK","830"
"2021-08-13","ALL","OP(12MF_1M_CHG)","A304840","피플바이오","","BLANK","831"
"2021-08-13","ALL","OP(12MF_1M_CHG)","A306200","세아제강",".705467372134049","OK","832"
"2021-08-13","ALL","OP(12MF_1M_CHG)","A307750","국전","","BLANK","833"
"2021-08-13","ALL","OP(12MF_1M_CHG)","A307950","현대오토에버","6.89655172413793","OK","834"
"2021-08-13","ALL","OP(12MF_1M_CHG)","A314130","지놈앤컴퍼니","","BLANK","835"
"2021-08-13","ALL","OP(12MF_1M_CHG)","A314930","바이오다인","","BLANK","836"
"2021-08-13","ALL","OP(12MF_1M_CHG)","A316140","우리금융지주","8.80040800680877","OK","837"
"2021-08-13","ALL","OP(12MF_1M_CHG)","A317330","덕산테코피아","14.1621621621622","OK","838"
"2021-08-13","ALL","OP(12MF_1M_CHG)","A317400","자이에스앤디","6.84477379095163","OK","839"
"2021-08-13","ALL","OP(12MF_1M_CHG)","A318020","포인트모바일","2.86268801552644","OK","840"
"2021-08-13","ALL","OP(12MF_1M_CHG)","A319400","현대무벡스","","BLANK","841"
"2021-08-13","ALL","OP(12MF_1M_CHG)","A319660","피에스케이","5.89730554143364","OK","842"
"2021-08-13","ALL","OP(12MF_1M_CHG)","A321550","티움바이오","","BLANK","843"
"2021-08-13","ALL","OP(12MF_1M_CHG)","A322000","HD현대에너지솔루션","2.91228070175438","OK","844"
"2021-08-13","ALL","OP(12MF_1M_CHG)","A322310","오로스테크놀로지","","BLANK","845"
"2021-08-13","ALL","OP(12MF_1M_CHG)","A323410","카카오뱅크","-9.50117096018735","OK","846"
"2021-08-13","ALL","OP(12MF_1M_CHG)","A323990","박셀바이오","","BLANK","847"
"2021-08-13","ALL","OP(12MF_1M_CHG)","A326030","SK바이오팜","37.7790497996566","OK","848"
"2021-08-13","ALL","OP(12MF_1M_CHG)","A330860","네패스아크","","BLANK","849"
"2021-08-13","ALL","OP(12MF_1M_CHG)","A332570","PS일렉트로닉스","6.04651162790698","OK","850"
"2021-08-13","ALL","OP(12MF_1M_CHG)","A334970","프레스티지바이오로직스","","BLANK","851"
"2021-08-13","ALL","OP(12MF_1M_CHG)","A336260","두산퓨얼셀","4.81834078103751","OK","852"
"2021-08-13","ALL","OP(12MF_1M_CHG)","A336370","솔루스첨단소재","12.2744899679649","OK","853"
"2021-08-13","ALL","OP(12MF_1M_CHG)","A337930","젝시믹스","5.56826849733029","OK","854"
"2021-08-13","ALL","OP(12MF_1M_CHG)","A338220","뷰노","","BLANK","855"
"2021-08-13","ALL","OP(12MF_1M_CHG)","A339770","교촌에프앤비",".970699262987595","OK","856"
"2021-08-13","ALL","OP(12MF_1M_CHG)","A340570","티앤엘","23.4786557674841","OK","857"
"2021-08-13","ALL","OP(12MF_1M_CHG)","A344820","KCC글라스","","BLANK","858"
"2021-08-13","ALL","OP(12MF_1M_CHG)","A347860","알체라","","BLANK","859"
"2021-08-13","ALL","OP(12MF_1M_CHG)","A348150","고바이오랩","","BLANK","860"
"2021-08-13","ALL","OP(12MF_1M_CHG)","A348210","넥스틴","1.26522961574508","OK","861"
"2021-08-13","ALL","OP(12MF_1M_CHG)","A352480","씨앤씨인터내셔널","2.02247191011236","OK","862"
"2021-08-13","ALL","OP(12MF_1M_CHG)","A352820","하이브","4.00898115909017","OK","863"
"2021-08-13","ALL","OP(12MF_1M_CHG)","A352910","오비고","","BLANK","864"
"2021-08-13","ALL","OP(12MF_1M_CHG)","A353200","대덕전자","7.1136053389959","OK","865"
"2021-08-13","ALL","OP(12MF_1M_CHG)","A354200","엔젠바이오","","BLANK","866"
"2021-08-13","ALL","OP(12MF_1M_CHG)","A357230","에이치피오",".808753568030455","OK","867"
"2021-08-13","ALL","OP(12MF_1M_CHG)","A357780","솔브레인","-.796766743648958","OK","868"
"2021-08-13","ALL","OP(12MF_1M_CHG)","A361610","SK아이이테크놀로지","-6.40374385024599","OK","869"
"2021-08-13","ALL","OP(12MF_1M_CHG)","A363280","티와이홀딩스","1.18733509234828","OK","870"
"2021-08-13","ALL","OP(12MF_1M_CHG)","A365270","큐라클","","BLANK","871"
"2021-08-13","ALL","OP(12MF_1M_CHG)","A375500","DL이앤씨","1.12039663123255","OK","872"
"2021-08-13","ALL","OP(12MF_1M_CHG)","A376980","원티드랩","","BLANK","873"
"2021-08-13","ALL","OP(12MF_1M_CHG)","A377030","비트맥스","","BLANK","874"
"2021-08-13","ALL","OP(12MF_1M_CHG)","A383220","F&F","3.33679063564972","OK","875"
"2021-08-13","ALL","OP(12MF_1M_CHG)","A383310","에코프로에이치엔","3.46944222044303","OK","876"
"2021-08-13","ALL","OP(12MF_1M_CHG)","A383800","LX홀딩스","","BLANK","877"
"2021-08-13","ALL","OP(12MF_1M_CHG)","A900140","엘브이엠씨홀딩스","","BLANK","878"
"2021-08-13","ALL","OP(12MF_1M_CHG)","A950130","엑세스바이오","","BLANK","879"
"2021-08-13","ALL","OP(12MF_1M_CHG)","A950160","코오롱티슈진","","BLANK","880"
"2021-08-13","ALL","OP(12MF_1M_CHG)","A950190","고스트스튜디오","-.128794848206072","OK","881"
"2021-08-13","ALL","OP(12MF_1M_CHG)","A950210","프레스티지바이오파마","18.2364729458918","OK","882"
"2021-08-13","ALL","OP(12MF_1M_CHG)","A950220","네오이뮨텍","","BLANK","883"
