Date,Universe,Factor,StockCode,StockName,FactorValue,ValueStatus,SourceRow
"2024-12-12","ALL","OP(12MF_1M_CHG)","A000070","삼양홀딩스","","BLANK","14"
"2024-12-12","ALL","OP(12MF_1M_CHG)","A000080","하이트진로","3.39316010358069","OK","15"
"2024-12-12","ALL","OP(12MF_1M_CHG)","A000100","유한양행","-1.67868614023391","OK","16"
"2024-12-12","ALL","OP(12MF_1M_CHG)","A000120","CJ대한통운",".716093253647749","OK","17"
"2024-12-12","ALL","OP(12MF_1M_CHG)","A000150","두산",".907295307926221","OK","18"
"2024-12-12","ALL","OP(12MF_1M_CHG)","A000210","DL","-6.48250914621614","OK","19"
"2024-12-12","ALL","OP(12MF_1M_CHG)","A000240","한국앤컴퍼니",".067372092101608","OK","20"
"2024-12-12","ALL","OP(12MF_1M_CHG)","A000250","삼천당제약","","BLANK","21"
"2024-12-12","ALL","OP(12MF_1M_CHG)","A000270","기아","7.12482839352998E-02","OK","22"
"2024-12-12","ALL","OP(12MF_1M_CHG)","A000370","한화손해보험","-.327715355805245","OK","23"
"2024-12-12","ALL","OP(12MF_1M_CHG)","A000400","롯데손해보험","","BLANK","24"
"2024-12-12","ALL","OP(12MF_1M_CHG)","A000480","CR홀딩스","","BLANK","25"
"2024-12-12","ALL","OP(12MF_1M_CHG)","A000490","대동","","BLANK","26"
"2024-12-12","ALL","OP(12MF_1M_CHG)","A000500","가온전선","","BLANK","27"
"2024-12-12","ALL","OP(12MF_1M_CHG)","A000520","삼일제약","2.12765957446809","OK","28"
"2024-12-12","ALL","OP(12MF_1M_CHG)","A000640","동아쏘시오홀딩스","6.18301731244724E-02","OK","29"
"2024-12-12","ALL","OP(12MF_1M_CHG)","A000660","SK하이닉스","-.388276531609912","OK","30"
"2024-12-12","ALL","OP(12MF_1M_CHG)","A000670","영풍","","BLANK","31"
"2024-12-12","ALL","OP(12MF_1M_CHG)","A000720","현대건설",".913492403167136","OK","32"
"2024-12-12","ALL","OP(12MF_1M_CHG)","A000810","삼성화재",".484781931829215","OK","33"
"2024-12-12","ALL","OP(12MF_1M_CHG)","A000880","한화","7.60809098494916","OK","34"
"2024-12-12","ALL","OP(12MF_1M_CHG)","A000990","DB하이텍","-9.50265808617796","OK","35"
"2024-12-12","ALL","OP(12MF_1M_CHG)","A001040","CJ","-3.13216884906243","OK","36"
"2024-12-12","ALL","OP(12MF_1M_CHG)","A001060","JW중외제약","5.3578568572571","OK","37"
"2024-12-12","ALL","OP(12MF_1M_CHG)","A001120","LX인터내셔널","-.846262341325807","OK","38"
"2024-12-12","ALL","OP(12MF_1M_CHG)","A001270","부국증권","","BLANK","39"
"2024-12-12","ALL","OP(12MF_1M_CHG)","A001340","PKC","","BLANK","40"
"2024-12-12","ALL","OP(12MF_1M_CHG)","A001430","세아베스틸지주","1.58628704241721","OK","41"
"2024-12-12","ALL","OP(12MF_1M_CHG)","A001440","대한전선","-13.9824304538799","OK","42"
"2024-12-12","ALL","OP(12MF_1M_CHG)","A001450","현대해상","-3.77461601270421","OK","43"
"2024-12-12","ALL","OP(12MF_1M_CHG)","A001530","DI동일","2.92249047013978","OK","44"
"2024-12-12","ALL","OP(12MF_1M_CHG)","A001570","금양","","BLANK","45"
"2024-12-12","ALL","OP(12MF_1M_CHG)","A001680","대상","-3.48783845800826","OK","46"
"2024-12-12","ALL","OP(12MF_1M_CHG)","A001720","신영증권","","BLANK","47"
"2024-12-12","ALL","OP(12MF_1M_CHG)","A001740","SK네트웍스","-3.37153914855612","OK","48"
"2024-12-12","ALL","OP(12MF_1M_CHG)","A001800","오리온홀딩스","","BLANK","49"
"2024-12-12","ALL","OP(12MF_1M_CHG)","A001820","삼화콘덴서","-20.4806954743032","OK","50"
"2024-12-12","ALL","OP(12MF_1M_CHG)","A001940","KISCO홀딩스","","BLANK","51"
"2024-12-12","ALL","OP(12MF_1M_CHG)","A002030","아세아","","BLANK","52"
"2024-12-12","ALL","OP(12MF_1M_CHG)","A002240","고려제강","","BLANK","53"
"2024-12-12","ALL","OP(12MF_1M_CHG)","A002310","아세아제지","","BLANK","54"
"2024-12-12","ALL","OP(12MF_1M_CHG)","A002320","한진","2.9732678668849","OK","55"
"2024-12-12","ALL","OP(12MF_1M_CHG)","A002350","넥센타이어","1.84597208890202","OK","56"
"2024-12-12","ALL","OP(12MF_1M_CHG)","A002380","KCC",".256554307116106","OK","57"
"2024-12-12","ALL","OP(12MF_1M_CHG)","A002710","TCC스틸","10.6329113924051","OK","58"
"2024-12-12","ALL","OP(12MF_1M_CHG)","A002790","아모레퍼시픽홀딩스","-9.61373201419033","OK","59"
"2024-12-12","ALL","OP(12MF_1M_CHG)","A002840","미원상사","","BLANK","60"
"2024-12-12","ALL","OP(12MF_1M_CHG)","A002960","한국쉘석유","","BLANK","61"
"2024-12-12","ALL","OP(12MF_1M_CHG)","A003000","부광약품","","BLANK","62"
"2024-12-12","ALL","OP(12MF_1M_CHG)","A003030","세아제강지주","1.44927536231884","OK","63"
"2024-12-12","ALL","OP(12MF_1M_CHG)","A003090","대웅","","BLANK","64"
"2024-12-12","ALL","OP(12MF_1M_CHG)","A003160","디아이","16.2831547514492","OK","65"
"2024-12-12","ALL","OP(12MF_1M_CHG)","A003220","대원제약","","BLANK","66"
"2024-12-12","ALL","OP(12MF_1M_CHG)","A003230","삼양식품","2.84360189573459","OK","67"
"2024-12-12","ALL","OP(12MF_1M_CHG)","A003240","태광산업","","BLANK","68"
"2024-12-12","ALL","OP(12MF_1M_CHG)","A003280","흥아해운","","BLANK","69"
"2024-12-12","ALL","OP(12MF_1M_CHG)","A003300","한일홀딩스","","BLANK","70"
"2024-12-12","ALL","OP(12MF_1M_CHG)","A003380","하림지주","1.31164742917171E-02","OK","71"
"2024-12-12","ALL","OP(12MF_1M_CHG)","A003470","유안타증권","","BLANK","72"
"2024-12-12","ALL","OP(12MF_1M_CHG)","A003490","대한항공","1.08635974978623","OK","73"
"2024-12-12","ALL","OP(12MF_1M_CHG)","A003520","영진약품","","BLANK","74"
"2024-12-12","ALL","OP(12MF_1M_CHG)","A003530","한화투자증권","","BLANK","75"
"2024-12-12","ALL","OP(12MF_1M_CHG)","A003540","대신증권","1.05359132813292","OK","76"
"2024-12-12","ALL","OP(12MF_1M_CHG)","A003550","LG","4.37572394472428","OK","77"
"2024-12-12","ALL","OP(12MF_1M_CHG)","A003570","SNT다이내믹스","-3.68436321438931","OK","78"
"2024-12-12","ALL","OP(12MF_1M_CHG)","A003620","KG모빌리티","","BLANK","79"
"2024-12-12","ALL","OP(12MF_1M_CHG)","A003670","포스코퓨처엠","-6.03511545192796","OK","80"
"2024-12-12","ALL","OP(12MF_1M_CHG)","A003690","코리안리","-6.36714306908659","OK","81"
"2024-12-12","ALL","OP(12MF_1M_CHG)","A003800","에이스침대","","BLANK","82"
"2024-12-12","ALL","OP(12MF_1M_CHG)","A003850","보령","1.17064928795559","OK","83"
"2024-12-12","ALL","OP(12MF_1M_CHG)","A003920","남양유업","","BLANK","84"
"2024-12-12","ALL","OP(12MF_1M_CHG)","A003960","사조대림","","BLANK","85"
"2024-12-12","ALL","OP(12MF_1M_CHG)","A004000","롯데정밀화학","4.01768697110621","OK","86"
"2024-12-12","ALL","OP(12MF_1M_CHG)","A004020","현대제철","2.06913266078949","OK","87"
"2024-12-12","ALL","OP(12MF_1M_CHG)","A004170","신세계","-.806278397356464","OK","88"
"2024-12-12","ALL","OP(12MF_1M_CHG)","A004370","농심","-5.8977545043046","OK","89"
"2024-12-12","ALL","OP(12MF_1M_CHG)","A004430","송원산업","","BLANK","90"
"2024-12-12","ALL","OP(12MF_1M_CHG)","A004490","세방전지","-15.2742749054224","OK","91"
"2024-12-12","ALL","OP(12MF_1M_CHG)","A004690","삼천리","","BLANK","92"
"2024-12-12","ALL","OP(12MF_1M_CHG)","A004700","조광피혁","","BLANK","93"
"2024-12-12","ALL","OP(12MF_1M_CHG)","A004800","효성","1.46790232023269","OK","94"
"2024-12-12","ALL","OP(12MF_1M_CHG)","A004990","롯데지주","6.68748373666407","OK","95"
"2024-12-12","ALL","OP(12MF_1M_CHG)","A005070","코스모신소재","-22.0637583892617","OK","96"
"2024-12-12","ALL","OP(12MF_1M_CHG)","A005090","SGC에너지","-3.81668422564888","OK","97"
"2024-12-12","ALL","OP(12MF_1M_CHG)","A005180","빙그레","-.279165442256829","OK","98"
"2024-12-12","ALL","OP(12MF_1M_CHG)","A005250","녹십자홀딩스","","BLANK","99"
"2024-12-12","ALL","OP(12MF_1M_CHG)","A005290","동진쎄미켐","","BLANK","100"
"2024-12-12","ALL","OP(12MF_1M_CHG)","A005300","롯데칠성","2.35251683231804","OK","101"
"2024-12-12","ALL","OP(12MF_1M_CHG)","A005380","현대차","7.41001648147139E-02","OK","102"
"2024-12-12","ALL","OP(12MF_1M_CHG)","A005420","코스모화학","","BLANK","103"
"2024-12-12","ALL","OP(12MF_1M_CHG)","A005440","현대지에프홀딩스","-6.14834529666371","OK","104"
"2024-12-12","ALL","OP(12MF_1M_CHG)","A005490","POSCO홀딩스","-.899728072396597","OK","105"
"2024-12-12","ALL","OP(12MF_1M_CHG)","A005610","삼립",".7060395000477","OK","106"
"2024-12-12","ALL","OP(12MF_1M_CHG)","A005690","파미셀","","BLANK","107"
"2024-12-12","ALL","OP(12MF_1M_CHG)","A005810","풍산홀딩스","","BLANK","108"
"2024-12-12","ALL","OP(12MF_1M_CHG)","A005830","DB손해보험","-1.52057839005393","OK","109"
"2024-12-12","ALL","OP(12MF_1M_CHG)","A005850","에스엘","-13.2154006243496","OK","110"
"2024-12-12","ALL","OP(12MF_1M_CHG)","A005880","대한해운","-1.49364145559587","OK","111"
"2024-12-12","ALL","OP(12MF_1M_CHG)","A005930","삼성전자","-5.0806662292475","OK","112"
"2024-12-12","ALL","OP(12MF_1M_CHG)","A005940","NH투자증권",".370891681135896","OK","113"
"2024-12-12","ALL","OP(12MF_1M_CHG)","A006040","동원산업","1.80995475113121","OK","114"
"2024-12-12","ALL","OP(12MF_1M_CHG)","A006110","삼아알미늄","","BLANK","115"
"2024-12-12","ALL","OP(12MF_1M_CHG)","A006120","SK디스커버리","","BLANK","116"
"2024-12-12","ALL","OP(12MF_1M_CHG)","A006260","LS","-2.27446256171844","OK","117"
"2024-12-12","ALL","OP(12MF_1M_CHG)","A006280","녹십자","6.48188563945875","OK","118"
"2024-12-12","ALL","OP(12MF_1M_CHG)","A006360","GS건설","1.56352438660972","OK","119"
"2024-12-12","ALL","OP(12MF_1M_CHG)","A006380","카프로","","BLANK","120"
"2024-12-12","ALL","OP(12MF_1M_CHG)","A006400","삼성SDI","-2.12758077955745","OK","121"
"2024-12-12","ALL","OP(12MF_1M_CHG)","A006650","대한유화","9.24193548387097","OK","122"
"2024-12-12","ALL","OP(12MF_1M_CHG)","A006730","서부T&D","7.78914240755309","OK","123"
"2024-12-12","ALL","OP(12MF_1M_CHG)","A006800","미래에셋증권",".310045473336093","OK","124"
"2024-12-12","ALL","OP(12MF_1M_CHG)","A007070","GS리테일","","BLANK","125"
"2024-12-12","ALL","OP(12MF_1M_CHG)","A007310","오뚜기",".271300777240068","OK","126"
"2024-12-12","ALL","OP(12MF_1M_CHG)","A007340","DN오토모티브","","BLANK","127"
"2024-12-12","ALL","OP(12MF_1M_CHG)","A007390","네이처셀","","BLANK","128"
"2024-12-12","ALL","OP(12MF_1M_CHG)","A007460","에이프로젠","","BLANK","129"
"2024-12-12","ALL","OP(12MF_1M_CHG)","A007660","이수페타시스","-10.0039077764752","OK","130"
"2024-12-12","ALL","OP(12MF_1M_CHG)","A007700","F&F홀딩스","","BLANK","131"
"2024-12-12","ALL","OP(12MF_1M_CHG)","A008730","율촌화학","","BLANK","132"
"2024-12-12","ALL","OP(12MF_1M_CHG)","A008770","호텔신라","1.17332824573119","OK","133"
"2024-12-12","ALL","OP(12MF_1M_CHG)","A008930","한미사이언스","","BLANK","134"
"2024-12-12","ALL","OP(12MF_1M_CHG)","A009150","삼성전기",".471377656071991","OK","135"
"2024-12-12","ALL","OP(12MF_1M_CHG)","A009240","한샘","5.42649098474342","OK","136"
"2024-12-12","ALL","OP(12MF_1M_CHG)","A009290","광동제약","","BLANK","137"
"2024-12-12","ALL","OP(12MF_1M_CHG)","A009410","태영건설","","BLANK","138"
"2024-12-12","ALL","OP(12MF_1M_CHG)","A009420","한올바이오파마","-72.7023319615912","OK","139"
"2024-12-12","ALL","OP(12MF_1M_CHG)","A009450","경동나비엔","6.84245660881175","OK","140"
"2024-12-12","ALL","OP(12MF_1M_CHG)","A009520","포스코엠텍","","BLANK","141"
"2024-12-12","ALL","OP(12MF_1M_CHG)","A009540","HD한국조선해양","5.32101855263214","OK","142"
"2024-12-12","ALL","OP(12MF_1M_CHG)","A009680","모토닉","","BLANK","143"
"2024-12-12","ALL","OP(12MF_1M_CHG)","A009830","한화솔루션","15.7091208811794","OK","144"
"2024-12-12","ALL","OP(12MF_1M_CHG)","A009900","명신산업",".515463917525773","OK","145"
"2024-12-12","ALL","OP(12MF_1M_CHG)","A009970","영원무역홀딩스","","BLANK","146"
"2024-12-12","ALL","OP(12MF_1M_CHG)","A010060","OCI홀딩스","4.28139799001435","OK","147"
"2024-12-12","ALL","OP(12MF_1M_CHG)","A010120","LS ELECTRIC","1.31941525384148","OK","148"
"2024-12-12","ALL","OP(12MF_1M_CHG)","A010130","고려아연","11.040759046278","OK","149"
"2024-12-12","ALL","OP(12MF_1M_CHG)","A010140","삼성중공업","3.15336710998523","OK","150"
"2024-12-12","ALL","OP(12MF_1M_CHG)","A010780","아이에스동서","-24.2068259689405","OK","151"
"2024-12-12","ALL","OP(12MF_1M_CHG)","A010950","S-Oil","1.77935943060498","OK","152"
"2024-12-12","ALL","OP(12MF_1M_CHG)","A011070","LG이노텍",".8453969047565","OK","153"
"2024-12-12","ALL","OP(12MF_1M_CHG)","A011170","롯데케미칼","49.7418984800688","OK","154"
"2024-12-12","ALL","OP(12MF_1M_CHG)","A011200","HMM","7.98425759069734","OK","155"
"2024-12-12","ALL","OP(12MF_1M_CHG)","A011210","현대위아","1.03475989551938","OK","156"
"2024-12-12","ALL","OP(12MF_1M_CHG)","A011780","금호석유화학","-2.38117735991684","OK","157"
"2024-12-12","ALL","OP(12MF_1M_CHG)","A011790","SKC","-34.9514563106796","OK","158"
"2024-12-12","ALL","OP(12MF_1M_CHG)","A012030","DB","","BLANK","159"
"2024-12-12","ALL","OP(12MF_1M_CHG)","A012330","현대모비스","1.86335211729102","OK","160"
"2024-12-12","ALL","OP(12MF_1M_CHG)","A012450","한화에어로스페이스","1.66805671392827","OK","161"
"2024-12-12","ALL","OP(12MF_1M_CHG)","A012510","더존비즈온","2.39891053844543","OK","162"
"2024-12-12","ALL","OP(12MF_1M_CHG)","A012630","HDC","","BLANK","163"
"2024-12-12","ALL","OP(12MF_1M_CHG)","A012750","에스원",".447856685860533","OK","164"
"2024-12-12","ALL","OP(12MF_1M_CHG)","A013030","하이록코리아","","BLANK","165"
"2024-12-12","ALL","OP(12MF_1M_CHG)","A013360","일성건설","","BLANK","166"
"2024-12-12","ALL","OP(12MF_1M_CHG)","A013890","지누스","10.3154635184827","OK","167"
"2024-12-12","ALL","OP(12MF_1M_CHG)","A014620","성광벤드",".196523053665904","OK","168"
"2024-12-12","ALL","OP(12MF_1M_CHG)","A014680","한솔케미칼","-7.22638680659671","OK","169"
"2024-12-12","ALL","OP(12MF_1M_CHG)","A014820","동원시스템즈",".736148779542818","OK","170"
"2024-12-12","ALL","OP(12MF_1M_CHG)","A014830","유니드",".786890565425488","OK","171"
"2024-12-12","ALL","OP(12MF_1M_CHG)","A015360","INVENI","","BLANK","172"
"2024-12-12","ALL","OP(12MF_1M_CHG)","A015750","성우하이텍","","BLANK","173"
"2024-12-12","ALL","OP(12MF_1M_CHG)","A015760","한국전력","13.5145070283809","OK","174"
"2024-12-12","ALL","OP(12MF_1M_CHG)","A016360","삼성증권",".811080058891469","OK","175"
"2024-12-12","ALL","OP(12MF_1M_CHG)","A016380","KG스틸","3.28736302654057","OK","176"
"2024-12-12","ALL","OP(12MF_1M_CHG)","A016800","퍼시스","","BLANK","177"
"2024-12-12","ALL","OP(12MF_1M_CHG)","A017670","SK텔레콤",".756656328194068","OK","178"
"2024-12-12","ALL","OP(12MF_1M_CHG)","A017800","현대엘리베이터","","BLANK","179"
"2024-12-12","ALL","OP(12MF_1M_CHG)","A017810","풀무원","9.33660933660933","OK","180"
"2024-12-12","ALL","OP(12MF_1M_CHG)","A017860","DS단석","","BLANK","181"
"2024-12-12","ALL","OP(12MF_1M_CHG)","A017940","E1","","BLANK","182"
"2024-12-12","ALL","OP(12MF_1M_CHG)","A017960","한국카본","-25.4179212958156","OK","183"
"2024-12-12","ALL","OP(12MF_1M_CHG)","A018250","애경산업","-23.0769230769231","OK","184"
"2024-12-12","ALL","OP(12MF_1M_CHG)","A018260","삼성에스디에스","1.04503265727054","OK","185"
"2024-12-12","ALL","OP(12MF_1M_CHG)","A018290","브이티","-4.73741723982773","OK","186"
"2024-12-12","ALL","OP(12MF_1M_CHG)","A018310","삼목에스폼","","BLANK","187"
"2024-12-12","ALL","OP(12MF_1M_CHG)","A018670","SK가스","12.8772472138615","OK","188"
"2024-12-12","ALL","OP(12MF_1M_CHG)","A018880","한온시스템",".291575549307509","OK","189"
"2024-12-12","ALL","OP(12MF_1M_CHG)","A019170","신풍제약","","BLANK","190"
"2024-12-12","ALL","OP(12MF_1M_CHG)","A020000","한섬","4.27224179070559","OK","191"
"2024-12-12","ALL","OP(12MF_1M_CHG)","A020150","롯데에너지머티리얼즈","-26.8890675241157","OK","192"
"2024-12-12","ALL","OP(12MF_1M_CHG)","A020560","아시아나항공","","BLANK","193"
"2024-12-12","ALL","OP(12MF_1M_CHG)","A021240","코웨이","1.15265834701446","OK","194"
"2024-12-12","ALL","OP(12MF_1M_CHG)","A022100","포스코DX","","BLANK","195"
"2024-12-12","ALL","OP(12MF_1M_CHG)","A023160","태광","-10.0145932141554","OK","196"
"2024-12-12","ALL","OP(12MF_1M_CHG)","A023410","유진기업","","BLANK","197"
"2024-12-12","ALL","OP(12MF_1M_CHG)","A023530","롯데쇼핑",".976689239779705","OK","198"
"2024-12-12","ALL","OP(12MF_1M_CHG)","A023590","다우기술","","BLANK","199"
"2024-12-12","ALL","OP(12MF_1M_CHG)","A024110","기업은행",".1879812753847","OK","200"
"2024-12-12","ALL","OP(12MF_1M_CHG)","A025320","시노펙스","1.0280042538107","OK","201"
"2024-12-12","ALL","OP(12MF_1M_CHG)","A025540","한국단자","8.29185383027801","OK","202"
"2024-12-12","ALL","OP(12MF_1M_CHG)","A025770","한국정보통신","","BLANK","203"
"2024-12-12","ALL","OP(12MF_1M_CHG)","A025860","남해화학","","BLANK","204"
"2024-12-12","ALL","OP(12MF_1M_CHG)","A025900","동화기업","-10.8429696664991","OK","205"
"2024-12-12","ALL","OP(12MF_1M_CHG)","A025950","동신건설","","BLANK","206"
"2024-12-12","ALL","OP(12MF_1M_CHG)","A025980","아난티","","BLANK","207"
"2024-12-12","ALL","OP(12MF_1M_CHG)","A026890","스틱인베스트먼트","","BLANK","208"
"2024-12-12","ALL","OP(12MF_1M_CHG)","A026960","동서","","BLANK","209"
"2024-12-12","ALL","OP(12MF_1M_CHG)","A027360","아주IB투자","","BLANK","210"
"2024-12-12","ALL","OP(12MF_1M_CHG)","A027410","BGF",".72992700729927","OK","211"
"2024-12-12","ALL","OP(12MF_1M_CHG)","A028050","삼성E&A","-1.77653660583177","OK","212"
"2024-12-12","ALL","OP(12MF_1M_CHG)","A028260","삼성물산","-.620939919283973","OK","213"
"2024-12-12","ALL","OP(12MF_1M_CHG)","A028300","HLB","","BLANK","214"
"2024-12-12","ALL","OP(12MF_1M_CHG)","A028670","팬오션",".414586856977846","OK","215"
"2024-12-12","ALL","OP(12MF_1M_CHG)","A029530","신도리코","","BLANK","216"
"2024-12-12","ALL","OP(12MF_1M_CHG)","A029780","삼성카드","-8.94105779591431E-02","OK","217"
"2024-12-12","ALL","OP(12MF_1M_CHG)","A030000","제일기획","-.511773754585262","OK","218"
"2024-12-12","ALL","OP(12MF_1M_CHG)","A030190","NICE평가정보","1.79706333552487","OK","219"
"2024-12-12","ALL","OP(12MF_1M_CHG)","A030200","KT","4.95557453873291","OK","220"
"2024-12-12","ALL","OP(12MF_1M_CHG)","A030520","한컴","-4.72245236122618","OK","221"
"2024-12-12","ALL","OP(12MF_1M_CHG)","A030610","교보증권","1.28205128205128","OK","222"
"2024-12-12","ALL","OP(12MF_1M_CHG)","A031330","에스에이엠티","","BLANK","223"
"2024-12-12","ALL","OP(12MF_1M_CHG)","A031430","신세계인터내셔날","2.79187817258883","OK","224"
"2024-12-12","ALL","OP(12MF_1M_CHG)","A031980","피에스케이홀딩스","-5.32898885852429","OK","225"
"2024-12-12","ALL","OP(12MF_1M_CHG)","A032190","다우데이타","","BLANK","226"
"2024-12-12","ALL","OP(12MF_1M_CHG)","A032350","롯데관광개발","14.3874456020045","OK","227"
"2024-12-12","ALL","OP(12MF_1M_CHG)","A032500","케이엠더블유","90.8717480602465","OK","228"
"2024-12-12","ALL","OP(12MF_1M_CHG)","A032640","LG유플러스",".735963120968892","OK","229"
"2024-12-12","ALL","OP(12MF_1M_CHG)","A032820","우리기술","","BLANK","230"
"2024-12-12","ALL","OP(12MF_1M_CHG)","A032830","삼성생명","-3.70034933367835","OK","231"
"2024-12-12","ALL","OP(12MF_1M_CHG)","A033100","제룡전기","","BLANK","232"
"2024-12-12","ALL","OP(12MF_1M_CHG)","A033240","자화전자","-25.0572082379863","OK","233"
"2024-12-12","ALL","OP(12MF_1M_CHG)","A033270","유나이티드제약","","BLANK","234"
"2024-12-12","ALL","OP(12MF_1M_CHG)","A033500","동성화인텍","-2.03773584905659","OK","235"
"2024-12-12","ALL","OP(12MF_1M_CHG)","A033780","KT&G","1.70283933254779","OK","236"
"2024-12-12","ALL","OP(12MF_1M_CHG)","A034020","두산에너빌리티","-2.4711737662702","OK","237"
"2024-12-12","ALL","OP(12MF_1M_CHG)","A034120","SBS","-13.2935662547933","OK","238"
"2024-12-12","ALL","OP(12MF_1M_CHG)","A034220","LG디스플레이","13.0756326347376","OK","239"
"2024-12-12","ALL","OP(12MF_1M_CHG)","A034230","파라다이스",".308534171614857","OK","240"
"2024-12-12","ALL","OP(12MF_1M_CHG)","A034310","NICE","","BLANK","241"
"2024-12-12","ALL","OP(12MF_1M_CHG)","A034730","SK","-11.048655165149","OK","242"
"2024-12-12","ALL","OP(12MF_1M_CHG)","A034830","한국토지신탁","","BLANK","243"
"2024-12-12","ALL","OP(12MF_1M_CHG)","A034950","한국기업평가","","BLANK","244"
"2024-12-12","ALL","OP(12MF_1M_CHG)","A035150","백산","-4.18353576248314","OK","245"
"2024-12-12","ALL","OP(12MF_1M_CHG)","A035250","강원랜드",".242852054528381","OK","246"
"2024-12-12","ALL","OP(12MF_1M_CHG)","A035420","NAVER","2.00101968534134","OK","247"
"2024-12-12","ALL","OP(12MF_1M_CHG)","A035600","KG이니시스","-1.54972752043596","OK","248"
"2024-12-12","ALL","OP(12MF_1M_CHG)","A035720","카카오","1.35264773599385","OK","249"
"2024-12-12","ALL","OP(12MF_1M_CHG)","A035760","CJ ENM","3.07543844927414","OK","250"
"2024-12-12","ALL","OP(12MF_1M_CHG)","A035890","서희건설","","BLANK","251"
"2024-12-12","ALL","OP(12MF_1M_CHG)","A035900","JYP Ent.","5.74245139942092","OK","252"
"2024-12-12","ALL","OP(12MF_1M_CHG)","A036460","한국가스공사","2.59172453069896","OK","253"
"2024-12-12","ALL","OP(12MF_1M_CHG)","A036530","SNT홀딩스","-.990099009900996","OK","254"
"2024-12-12","ALL","OP(12MF_1M_CHG)","A036540","SFA반도체","-4.78668054110301","OK","255"
"2024-12-12","ALL","OP(12MF_1M_CHG)","A036570","NC","11.1670351380592","OK","256"
"2024-12-12","ALL","OP(12MF_1M_CHG)","A036810","에프에스티","","BLANK","257"
"2024-12-12","ALL","OP(12MF_1M_CHG)","A036830","솔브레인홀딩스","","BLANK","258"
"2024-12-12","ALL","OP(12MF_1M_CHG)","A036930","주성엔지니어링","1.66601332810663","OK","259"
"2024-12-12","ALL","OP(12MF_1M_CHG)","A037270","YG PLUS","","BLANK","260"
"2024-12-12","ALL","OP(12MF_1M_CHG)","A038500","삼표시멘트",".306492059069377","OK","261"
"2024-12-12","ALL","OP(12MF_1M_CHG)","A039030","이오테크닉스","-9.06446921958314","OK","262"
"2024-12-12","ALL","OP(12MF_1M_CHG)","A039130","하나투어","2.94384645311892","OK","263"
"2024-12-12","ALL","OP(12MF_1M_CHG)","A039200","오스코텍","296.902226524685","OK","264"
"2024-12-12","ALL","OP(12MF_1M_CHG)","A039490","키움증권",".39736427184819","OK","265"
"2024-12-12","ALL","OP(12MF_1M_CHG)","A041020","폴라리스오피스","","BLANK","266"
"2024-12-12","ALL","OP(12MF_1M_CHG)","A041190","우리기술투자","","BLANK","267"
"2024-12-12","ALL","OP(12MF_1M_CHG)","A041510","에스엠","2.01121002307947","OK","268"
"2024-12-12","ALL","OP(12MF_1M_CHG)","A041830","인바디","1.07991360691145","OK","269"
"2024-12-12","ALL","OP(12MF_1M_CHG)","A041960","코미팜","","BLANK","270"
"2024-12-12","ALL","OP(12MF_1M_CHG)","A042000","카페24","2.49164387724096","OK","271"
"2024-12-12","ALL","OP(12MF_1M_CHG)","A042660","한화오션","2.5059144676979","OK","272"
"2024-12-12","ALL","OP(12MF_1M_CHG)","A042700","한미반도체","2.77308490611575","OK","273"
"2024-12-12","ALL","OP(12MF_1M_CHG)","A043150","바텍","-3.26039704390668","OK","274"
"2024-12-12","ALL","OP(12MF_1M_CHG)","A045100","한양이엔지","","BLANK","275"
"2024-12-12","ALL","OP(12MF_1M_CHG)","A045660","에이텍","","BLANK","276"
"2024-12-12","ALL","OP(12MF_1M_CHG)","A046890","서울반도체","-23.2821881254169","OK","277"
"2024-12-12","ALL","OP(12MF_1M_CHG)","A047040","대우건설","-.489653410542453","OK","278"
"2024-12-12","ALL","OP(12MF_1M_CHG)","A047050","포스코인터내셔널",".507417929292934","OK","279"
"2024-12-12","ALL","OP(12MF_1M_CHG)","A047560","이스트소프트","22","OK","280"
"2024-12-12","ALL","OP(12MF_1M_CHG)","A047810","한국항공우주","2.0410962662204","OK","281"
"2024-12-12","ALL","OP(12MF_1M_CHG)","A047920","HLB제약","","BLANK","282"
"2024-12-12","ALL","OP(12MF_1M_CHG)","A048410","현대바이오","","BLANK","283"
"2024-12-12","ALL","OP(12MF_1M_CHG)","A049070","인탑스","2.83818650939919","OK","284"
"2024-12-12","ALL","OP(12MF_1M_CHG)","A050890","쏠리드","3.07060434187366","OK","285"
"2024-12-12","ALL","OP(12MF_1M_CHG)","A051360","토비스","2.2649279341112","OK","286"
"2024-12-12","ALL","OP(12MF_1M_CHG)","A051600","한전KPS",".786156804101677","OK","287"
"2024-12-12","ALL","OP(12MF_1M_CHG)","A051900","LG생활건강","-.336539345679226","OK","288"
"2024-12-12","ALL","OP(12MF_1M_CHG)","A051910","LG화학","5.04247058713996","OK","289"
"2024-12-12","ALL","OP(12MF_1M_CHG)","A051980","중앙첨단소재","","BLANK","290"
"2024-12-12","ALL","OP(12MF_1M_CHG)","A052400","코나아이","","BLANK","291"
"2024-12-12","ALL","OP(12MF_1M_CHG)","A052690","한전기술","-3.9404905508645","OK","292"
"2024-12-12","ALL","OP(12MF_1M_CHG)","A053030","바이넥스","6.0187741579238","OK","293"
"2024-12-12","ALL","OP(12MF_1M_CHG)","A053800","안랩","","BLANK","294"
"2024-12-12","ALL","OP(12MF_1M_CHG)","A055550","신한지주",".271690349934887","OK","295"
"2024-12-12","ALL","OP(12MF_1M_CHG)","A056190","SFA","-19.5244102917001","OK","296"
"2024-12-12","ALL","OP(12MF_1M_CHG)","A057050","현대홈쇼핑","-1.92599509746703","OK","297"
"2024-12-12","ALL","OP(12MF_1M_CHG)","A058470","리노공업","-8.88264230498947","OK","298"
"2024-12-12","ALL","OP(12MF_1M_CHG)","A058610","에스피지","30.360205831904","OK","299"
"2024-12-12","ALL","OP(12MF_1M_CHG)","A058650","세아홀딩스","","BLANK","300"
"2024-12-12","ALL","OP(12MF_1M_CHG)","A058970","엠로","","BLANK","301"
"2024-12-12","ALL","OP(12MF_1M_CHG)","A060250","NHN KCP","-1.77153329260842","OK","302"
"2024-12-12","ALL","OP(12MF_1M_CHG)","A060280","큐렉소","","BLANK","303"
"2024-12-12","ALL","OP(12MF_1M_CHG)","A060370","LS마린솔루션","-.749063670411986","OK","304"
"2024-12-12","ALL","OP(12MF_1M_CHG)","A060980","HL홀딩스","3.51398488469737","OK","305"
"2024-12-12","ALL","OP(12MF_1M_CHG)","A062040","산일전기","-3.06217547596858","OK","306"
"2024-12-12","ALL","OP(12MF_1M_CHG)","A064350","현대로템","3.4094146696635","OK","307"
"2024-12-12","ALL","OP(12MF_1M_CHG)","A064550","바이오니아","","BLANK","308"
"2024-12-12","ALL","OP(12MF_1M_CHG)","A064760","티씨케이",".618224173461157","OK","309"
"2024-12-12","ALL","OP(12MF_1M_CHG)","A064960","SNT모티브","-.18176600019133","OK","310"
"2024-12-12","ALL","OP(12MF_1M_CHG)","A065350","신성델타테크","","BLANK","311"
"2024-12-12","ALL","OP(12MF_1M_CHG)","A066570","LG전자","3.13808277406448E-02","OK","312"
"2024-12-12","ALL","OP(12MF_1M_CHG)","A066970","엘앤에프","259.366262814539","OK","313"
"2024-12-12","ALL","OP(12MF_1M_CHG)","A067160","SOOP","1.18544861821145","OK","314"
"2024-12-12","ALL","OP(12MF_1M_CHG)","A067310","하나마이크론",".842865743527999","OK","315"
"2024-12-12","ALL","OP(12MF_1M_CHG)","A067630","HLB생명과학","","BLANK","316"
"2024-12-12","ALL","OP(12MF_1M_CHG)","A068240","다원시스","","BLANK","317"
"2024-12-12","ALL","OP(12MF_1M_CHG)","A068270","셀트리온","4.58222310056494","OK","318"
"2024-12-12","ALL","OP(12MF_1M_CHG)","A068760","셀트리온제약","","BLANK","319"
"2024-12-12","ALL","OP(12MF_1M_CHG)","A069080","웹젠","3.98030942334742","OK","320"
"2024-12-12","ALL","OP(12MF_1M_CHG)","A069260","TKG휴켐스","-8.21406347230864","OK","321"
"2024-12-12","ALL","OP(12MF_1M_CHG)","A069620","대웅제약","4.11512701381767","OK","322"
"2024-12-12","ALL","OP(12MF_1M_CHG)","A069960","현대백화점",".855569673867014","OK","323"
"2024-12-12","ALL","OP(12MF_1M_CHG)","A071050","한국금융지주",".223097018416309","OK","324"
"2024-12-12","ALL","OP(12MF_1M_CHG)","A071320","지역난방공사","4.50310996031705E-02","OK","325"
"2024-12-12","ALL","OP(12MF_1M_CHG)","A071970","HD현대마린엔진","-4.23280423280422","OK","326"
"2024-12-12","ALL","OP(12MF_1M_CHG)","A072710","농심홀딩스","","BLANK","327"
"2024-12-12","ALL","OP(12MF_1M_CHG)","A073240","금호타이어","5.02984669651338","OK","328"
"2024-12-12","ALL","OP(12MF_1M_CHG)","A074600","원익QnC","-20.1974753155856","OK","329"
"2024-12-12","ALL","OP(12MF_1M_CHG)","A075580","세진중공업","-.725163161711383","OK","330"
"2024-12-12","ALL","OP(12MF_1M_CHG)","A077970","STX엔진","-8.8437839797028","OK","331"
"2024-12-12","ALL","OP(12MF_1M_CHG)","A078130","국일제지","","BLANK","332"
"2024-12-12","ALL","OP(12MF_1M_CHG)","A078160","메디포스트","","BLANK","333"
"2024-12-12","ALL","OP(12MF_1M_CHG)","A078340","컴투스","14.1474895397489","OK","334"
"2024-12-12","ALL","OP(12MF_1M_CHG)","A078600","대주전자재료","-6.22672734795202","OK","335"
"2024-12-12","ALL","OP(12MF_1M_CHG)","A078930","GS","-.649632005584613","OK","336"
"2024-12-12","ALL","OP(12MF_1M_CHG)","A079160","CJ CGV","4.73080093855032","OK","337"
"2024-12-12","ALL","OP(12MF_1M_CHG)","A079370","제우스","-.293973542381179","OK","338"
"2024-12-12","ALL","OP(12MF_1M_CHG)","A079550","LIG디펜스앤에어로스페이스","2.98555070013716","OK","339"
"2024-12-12","ALL","OP(12MF_1M_CHG)","A079900","전진건설로봇","-.2087138012001","OK","340"
"2024-12-12","ALL","OP(12MF_1M_CHG)","A080220","제주반도체","","BLANK","341"
"2024-12-12","ALL","OP(12MF_1M_CHG)","A081660","미스토홀딩스","2.72019892392446","OK","342"
"2024-12-12","ALL","OP(12MF_1M_CHG)","A082270","젬백스","","BLANK","343"
"2024-12-12","ALL","OP(12MF_1M_CHG)","A082640","동양생명","-9.42482525469414","OK","344"
"2024-12-12","ALL","OP(12MF_1M_CHG)","A082740","한화엔진","4.475677830941","OK","345"
"2024-12-12","ALL","OP(12MF_1M_CHG)","A082800","비보존 제약","","BLANK","346"
"2024-12-12","ALL","OP(12MF_1M_CHG)","A082920","비츠로셀","8.74799357945425","OK","347"
"2024-12-12","ALL","OP(12MF_1M_CHG)","A083450","GST","","BLANK","348"
"2024-12-12","ALL","OP(12MF_1M_CHG)","A083650","비에이치아이","-1.45020947470191","OK","349"
"2024-12-12","ALL","OP(12MF_1M_CHG)","A084010","대한제강","-18.8833674364221","OK","350"
"2024-12-12","ALL","OP(12MF_1M_CHG)","A084110","휴온스글로벌","","BLANK","351"
"2024-12-12","ALL","OP(12MF_1M_CHG)","A084370","유진테크","7.30272413352092","OK","352"
"2024-12-12","ALL","OP(12MF_1M_CHG)","A084690","대상홀딩스","","BLANK","353"
"2024-12-12","ALL","OP(12MF_1M_CHG)","A084850","아이티엠반도체","-20.6118206118206","OK","354"
"2024-12-12","ALL","OP(12MF_1M_CHG)","A085620","미래에셋생명","1.34285903287689","OK","355"
"2024-12-12","ALL","OP(12MF_1M_CHG)","A085660","차바이오텍","","BLANK","356"
"2024-12-12","ALL","OP(12MF_1M_CHG)","A086280","현대글로비스","1.43904773114577","OK","357"
"2024-12-12","ALL","OP(12MF_1M_CHG)","A086450","동국제약","3.71384750219106","OK","358"
"2024-12-12","ALL","OP(12MF_1M_CHG)","A086520","에코프로","","BLANK","359"
"2024-12-12","ALL","OP(12MF_1M_CHG)","A086790","하나금융지주",".166478706836373","OK","360"
"2024-12-12","ALL","OP(12MF_1M_CHG)","A086900","메디톡스","3.27337068711297","OK","361"
"2024-12-12","ALL","OP(12MF_1M_CHG)","A087010","펩트론","","BLANK","362"
"2024-12-12","ALL","OP(12MF_1M_CHG)","A088350","한화생명","-3.23829458624614","OK","363"
"2024-12-12","ALL","OP(12MF_1M_CHG)","A089030","테크윙","8.09007506255212","OK","364"
"2024-12-12","ALL","OP(12MF_1M_CHG)","A089590","제주항공",".974862047823423","OK","365"
"2024-12-12","ALL","OP(12MF_1M_CHG)","A089860","롯데렌탈",".550247019495315","OK","366"
"2024-12-12","ALL","OP(12MF_1M_CHG)","A089980","상아프론테크","-46.6463414634146","OK","367"
"2024-12-12","ALL","OP(12MF_1M_CHG)","A090430","아모레퍼시픽",".230705716644821","OK","368"
"2024-12-12","ALL","OP(12MF_1M_CHG)","A090460","비에이치","-3.58076135320291","OK","369"
"2024-12-12","ALL","OP(12MF_1M_CHG)","A091120","이엠텍","","BLANK","370"
"2024-12-12","ALL","OP(12MF_1M_CHG)","A091700","파트론","-7.93021411578068E-02","OK","371"
"2024-12-12","ALL","OP(12MF_1M_CHG)","A091810","트리니티항공","-10.0718369740507","OK","372"
"2024-12-12","ALL","OP(12MF_1M_CHG)","A093050","LF","","BLANK","373"
"2024-12-12","ALL","OP(12MF_1M_CHG)","A093320","케이아이엔엑스","2.81340504757964","OK","374"
"2024-12-12","ALL","OP(12MF_1M_CHG)","A093370","후성","11.6829644879053","OK","375"
"2024-12-12","ALL","OP(12MF_1M_CHG)","A094170","동운아나텍","-9.67153284671534","OK","376"
"2024-12-12","ALL","OP(12MF_1M_CHG)","A094480","갤럭시아머니트리","","BLANK","377"
"2024-12-12","ALL","OP(12MF_1M_CHG)","A095340","ISC","2.14100015292859","OK","378"
"2024-12-12","ALL","OP(12MF_1M_CHG)","A095610","테스","-16.6666666666667","OK","379"
"2024-12-12","ALL","OP(12MF_1M_CHG)","A095660","네오위즈","-1.95585359038836","OK","380"
"2024-12-12","ALL","OP(12MF_1M_CHG)","A096530","씨젠","","BLANK","381"
"2024-12-12","ALL","OP(12MF_1M_CHG)","A096770","SK이노베이션","7.33795821600236","OK","382"
"2024-12-12","ALL","OP(12MF_1M_CHG)","A097230","HJ중공업","","BLANK","383"
"2024-12-12","ALL","OP(12MF_1M_CHG)","A097520","엠씨넥스","-1.31578947368421","OK","384"
"2024-12-12","ALL","OP(12MF_1M_CHG)","A097950","CJ제일제당","-2.1735384332602","OK","385"
"2024-12-12","ALL","OP(12MF_1M_CHG)","A098460","고영","4.82872472141972","OK","386"
"2024-12-12","ALL","OP(12MF_1M_CHG)","A099190","아이센스","-2.71377368151562","OK","387"
"2024-12-12","ALL","OP(12MF_1M_CHG)","A099320","쎄트렉아이","14.3939393939394","OK","388"
"2024-12-12","ALL","OP(12MF_1M_CHG)","A099430","바이오플러스","","BLANK","389"
"2024-12-12","ALL","OP(12MF_1M_CHG)","A100090","SK오션플랜트","-.108014689997834","OK","390"
"2024-12-12","ALL","OP(12MF_1M_CHG)","A100840","SNT에너지","6.30417651694247","OK","391"
"2024-12-12","ALL","OP(12MF_1M_CHG)","A101160","월덱스","","BLANK","392"
"2024-12-12","ALL","OP(12MF_1M_CHG)","A101360","에코앤드림","","BLANK","393"
"2024-12-12","ALL","OP(12MF_1M_CHG)","A101490","에스앤에스텍","","BLANK","394"
"2024-12-12","ALL","OP(12MF_1M_CHG)","A101730","위메이드맥스","","BLANK","395"
"2024-12-12","ALL","OP(12MF_1M_CHG)","A101930","인화정공","","BLANK","396"
"2024-12-12","ALL","OP(12MF_1M_CHG)","A101970","우양에이치씨","","BLANK","397"
"2024-12-12","ALL","OP(12MF_1M_CHG)","A103140","풍산","1.42557880131676","OK","398"
"2024-12-12","ALL","OP(12MF_1M_CHG)","A103590","일진전기","-.429690791136567","OK","399"
"2024-12-12","ALL","OP(12MF_1M_CHG)","A104700","한국철강","-24.8967330078858","OK","400"
"2024-12-12","ALL","OP(12MF_1M_CHG)","A105560","KB금융","-.372591677162676","OK","401"
"2024-12-12","ALL","OP(12MF_1M_CHG)","A105630","한세실업","-6.9542158242234","OK","402"
"2024-12-12","ALL","OP(12MF_1M_CHG)","A108320","LX세미콘","-4.83243140605716","OK","403"
"2024-12-12","ALL","OP(12MF_1M_CHG)","A108670","LX하우시스","-1.70113148653922","OK","404"
"2024-12-12","ALL","OP(12MF_1M_CHG)","A108860","셀바스AI","5.26315789473684","OK","405"
"2024-12-12","ALL","OP(12MF_1M_CHG)","A111770","영원무역",".512133627481872","OK","406"
"2024-12-12","ALL","OP(12MF_1M_CHG)","A112040","위메이드","15.0572026079468","OK","407"
"2024-12-12","ALL","OP(12MF_1M_CHG)","A112610","씨에스윈드","-1.64052996679489","OK","408"
"2024-12-12","ALL","OP(12MF_1M_CHG)","A114090","GKL","-.117044623262616","OK","409"
"2024-12-12","ALL","OP(12MF_1M_CHG)","A114840","아이패밀리에스씨","-4.27247077791213","OK","410"
"2024-12-12","ALL","OP(12MF_1M_CHG)","A115450","HLB테라퓨틱스","","BLANK","411"
"2024-12-12","ALL","OP(12MF_1M_CHG)","A119610","인터로조","","BLANK","412"
"2024-12-12","ALL","OP(12MF_1M_CHG)","A120110","코오롱인더","2.27458014022502","OK","413"
"2024-12-12","ALL","OP(12MF_1M_CHG)","A121600","나노신소재","-18.3276616431697","OK","414"
"2024-12-12","ALL","OP(12MF_1M_CHG)","A121800","비덴트","","BLANK","415"
"2024-12-12","ALL","OP(12MF_1M_CHG)","A122870","와이지엔터테인먼트","13.3035895355911","OK","416"
"2024-12-12","ALL","OP(12MF_1M_CHG)","A122900","아이마켓코리아","2.1921872424592","OK","417"
"2024-12-12","ALL","OP(12MF_1M_CHG)","A123890","한국자산신탁","-4.84186957738595","OK","418"
"2024-12-12","ALL","OP(12MF_1M_CHG)","A126560","현대퓨처넷","","BLANK","419"
"2024-12-12","ALL","OP(12MF_1M_CHG)","A126720","수산인더스트리","-2.50745221813081","OK","420"
"2024-12-12","ALL","OP(12MF_1M_CHG)","A128940","한미약품",".202473063851328","OK","421"
"2024-12-12","ALL","OP(12MF_1M_CHG)","A130660","한전산업","","BLANK","422"
"2024-12-12","ALL","OP(12MF_1M_CHG)","A131290","티에스이","2.20962064919828","OK","423"
"2024-12-12","ALL","OP(12MF_1M_CHG)","A131970","두산테스나","-15.4167149646459","OK","424"
"2024-12-12","ALL","OP(12MF_1M_CHG)","A136480","하림","","BLANK","425"
"2024-12-12","ALL","OP(12MF_1M_CHG)","A137310","에스디바이오센서","","BLANK","426"
"2024-12-12","ALL","OP(12MF_1M_CHG)","A137400","피엔티","2.64677574590953","OK","427"
"2024-12-12","ALL","OP(12MF_1M_CHG)","A138040","메리츠금융지주","-5.94159144169626E-02","OK","428"
"2024-12-12","ALL","OP(12MF_1M_CHG)","A138930","BNK금융지주",".82108578284343","OK","429"
"2024-12-12","ALL","OP(12MF_1M_CHG)","A139130","iM금융지주","3.07826847398339","OK","430"
"2024-12-12","ALL","OP(12MF_1M_CHG)","A139480","이마트","-2.05806451612903","OK","431"
"2024-12-12","ALL","OP(12MF_1M_CHG)","A140410","메지온","","BLANK","432"
"2024-12-12","ALL","OP(12MF_1M_CHG)","A140860","파크시스템스",".878704341833215","OK","433"
"2024-12-12","ALL","OP(12MF_1M_CHG)","A141080","리가켐바이오","35.532778133675","OK","434"
"2024-12-12","ALL","OP(12MF_1M_CHG)","A144510","지씨셀","","BLANK","435"
"2024-12-12","ALL","OP(12MF_1M_CHG)","A145020","휴젤","3.33429008802143","OK","436"
"2024-12-12","ALL","OP(12MF_1M_CHG)","A145720","덴티움","-2.28072645361116","OK","437"
"2024-12-12","ALL","OP(12MF_1M_CHG)","A145990","삼양사","","BLANK","438"
"2024-12-12","ALL","OP(12MF_1M_CHG)","A160190","하이젠알앤엠","","BLANK","439"
"2024-12-12","ALL","OP(12MF_1M_CHG)","A161000","애경케미칼","","BLANK","440"
"2024-12-12","ALL","OP(12MF_1M_CHG)","A161390","한국타이어앤테크놀로지",".353234808818365","OK","441"
"2024-12-12","ALL","OP(12MF_1M_CHG)","A161580","필옵틱스","","BLANK","442"
"2024-12-12","ALL","OP(12MF_1M_CHG)","A161890","한국콜마",".687779288906152","OK","443"
"2024-12-12","ALL","OP(12MF_1M_CHG)","A166090","하나머티리얼즈","17.6207513416816","OK","444"
"2024-12-12","ALL","OP(12MF_1M_CHG)","A166480","코아스템켐온","","BLANK","445"
"2024-12-12","ALL","OP(12MF_1M_CHG)","A170900","동아에스티","3.29243353783231","OK","446"
"2024-12-12","ALL","OP(12MF_1M_CHG)","A171090","선익시스템","6.04528912252326","OK","447"
"2024-12-12","ALL","OP(12MF_1M_CHG)","A175330","JB금융지주",".464677033364447","OK","448"
"2024-12-12","ALL","OP(12MF_1M_CHG)","A176750","듀켐바이오","","BLANK","449"
"2024-12-12","ALL","OP(12MF_1M_CHG)","A178320","서진시스템","2.52085517618635","OK","450"
"2024-12-12","ALL","OP(12MF_1M_CHG)","A178920","PI첨단소재","2.02542555483733","OK","451"
"2024-12-12","ALL","OP(12MF_1M_CHG)","A179290","엠아이텍","1.6839378238342","OK","452"
"2024-12-12","ALL","OP(12MF_1M_CHG)","A179900","유티아이","","BLANK","453"
"2024-12-12","ALL","OP(12MF_1M_CHG)","A180640","한진칼","","BLANK","454"
"2024-12-12","ALL","OP(12MF_1M_CHG)","A181710","NHN","3.87680557861531","OK","455"
"2024-12-12","ALL","OP(12MF_1M_CHG)","A183190","아세아시멘트","-13.1081554077704","OK","456"
"2024-12-12","ALL","OP(12MF_1M_CHG)","A183300","코미코","-4.57005058228444","OK","457"
"2024-12-12","ALL","OP(12MF_1M_CHG)","A185750","종근당","-3.1680547987857","OK","458"
"2024-12-12","ALL","OP(12MF_1M_CHG)","A189300","인텔리안테크","-10.218387705581","OK","459"
"2024-12-12","ALL","OP(12MF_1M_CHG)","A192080","더블유게임즈","-1.19698916834957","OK","460"
"2024-12-12","ALL","OP(12MF_1M_CHG)","A192400","쿠쿠홀딩스","-5.26315789473684","OK","461"
"2024-12-12","ALL","OP(12MF_1M_CHG)","A192650","드림텍","-34.473820632452","OK","462"
"2024-12-12","ALL","OP(12MF_1M_CHG)","A192820","코스맥스","1.32485683781422","OK","463"
"2024-12-12","ALL","OP(12MF_1M_CHG)","A194480","데브시스터즈","2.57492612916842","OK","464"
"2024-12-12","ALL","OP(12MF_1M_CHG)","A195870","해성디에스","-8.80293813841387","OK","465"
"2024-12-12","ALL","OP(12MF_1M_CHG)","A195940","HK이노엔","-.300964857926886","OK","466"
"2024-12-12","ALL","OP(12MF_1M_CHG)","A196170","알테오젠","-54.7619047619048","OK","467"
"2024-12-12","ALL","OP(12MF_1M_CHG)","A199800","툴젠","","BLANK","468"
"2024-12-12","ALL","OP(12MF_1M_CHG)","A200130","콜마비앤에이치",".889819419000252","OK","469"
"2024-12-12","ALL","OP(12MF_1M_CHG)","A200670","휴메딕스",".689655172413785","OK","470"
"2024-12-12","ALL","OP(12MF_1M_CHG)","A200880","서연이화","","BLANK","471"
"2024-12-12","ALL","OP(12MF_1M_CHG)","A204270","제이앤티씨","29.3626707132018","OK","472"
"2024-12-12","ALL","OP(12MF_1M_CHG)","A204320","HL만도","1.5295371137682","OK","473"
"2024-12-12","ALL","OP(12MF_1M_CHG)","A206640","바디텍메드",".921882581271234","OK","474"
"2024-12-12","ALL","OP(12MF_1M_CHG)","A206650","유바이오로직스","32.5636091511653","OK","475"
"2024-12-12","ALL","OP(12MF_1M_CHG)","A207940","삼성바이오로직스","1.31720658211654","OK","476"
"2024-12-12","ALL","OP(12MF_1M_CHG)","A211050","인카금융서비스","","BLANK","477"
"2024-12-12","ALL","OP(12MF_1M_CHG)","A213420","덕산네오룩스","2.20433869839049","OK","478"
"2024-12-12","ALL","OP(12MF_1M_CHG)","A214150","클래시스","1.61206108863073","OK","479"
"2024-12-12","ALL","OP(12MF_1M_CHG)","A214320","이노션",".576843840131861","OK","480"
"2024-12-12","ALL","OP(12MF_1M_CHG)","A214370","케어젠","","BLANK","481"
"2024-12-12","ALL","OP(12MF_1M_CHG)","A214430","아이쓰리시스템","4.0047818290496","OK","482"
"2024-12-12","ALL","OP(12MF_1M_CHG)","A214450","파마리서치","6.03711066931742","OK","483"
"2024-12-12","ALL","OP(12MF_1M_CHG)","A215000","골프존",".882173115555948","OK","484"
"2024-12-12","ALL","OP(12MF_1M_CHG)","A215200","메가스터디교육",".928528835505583","OK","485"
"2024-12-12","ALL","OP(12MF_1M_CHG)","A215600","신라젠","","BLANK","486"
"2024-12-12","ALL","OP(12MF_1M_CHG)","A216080","제테마","","BLANK","487"
"2024-12-12","ALL","OP(12MF_1M_CHG)","A218410","RFHIC","63.8613861386139","OK","488"
"2024-12-12","ALL","OP(12MF_1M_CHG)","A220100","퓨쳐켐","","BLANK","489"
"2024-12-12","ALL","OP(12MF_1M_CHG)","A222080","SFA넥셀","","BLANK","490"
"2024-12-12","ALL","OP(12MF_1M_CHG)","A222800","심텍","22.4441274369948","OK","491"
"2024-12-12","ALL","OP(12MF_1M_CHG)","A225570","넥슨게임즈","-47.9374110953058","OK","492"
"2024-12-12","ALL","OP(12MF_1M_CHG)","A226950","올릭스","","BLANK","493"
"2024-12-12","ALL","OP(12MF_1M_CHG)","A228760","지노믹트리","","BLANK","494"
"2024-12-12","ALL","OP(12MF_1M_CHG)","A229640","LS에코에너지","0","OK","495"
"2024-12-12","ALL","OP(12MF_1M_CHG)","A230360","에코마케팅","2.79523652001323","OK","496"
"2024-12-12","ALL","OP(12MF_1M_CHG)","A232140","와이씨","5.2343856771901","OK","497"
"2024-12-12","ALL","OP(12MF_1M_CHG)","A237690","에스티팜",".574484944532501","OK","498"
"2024-12-12","ALL","OP(12MF_1M_CHG)","A237880","클리오","-.562851782363982","OK","499"
"2024-12-12","ALL","OP(12MF_1M_CHG)","A240810","원익IPS","-1.4193834553116","OK","500"
"2024-12-12","ALL","OP(12MF_1M_CHG)","A241560","두산밥캣",".11336819212437","OK","501"
"2024-12-12","ALL","OP(12MF_1M_CHG)","A241590","화승엔터프라이즈","4.98125863089368","OK","502"
"2024-12-12","ALL","OP(12MF_1M_CHG)","A241710","코스메카코리아","1.12885793202834","OK","503"
"2024-12-12","ALL","OP(12MF_1M_CHG)","A243070","휴온스","","BLANK","504"
"2024-12-12","ALL","OP(12MF_1M_CHG)","A247540","에코프로비엠","-4.25877469999098","OK","505"
"2024-12-12","ALL","OP(12MF_1M_CHG)","A248070","솔루엠","-3.15961374609487","OK","506"
"2024-12-12","ALL","OP(12MF_1M_CHG)","A249420","일동제약","","BLANK","507"
"2024-12-12","ALL","OP(12MF_1M_CHG)","A251270","넷마블","-.517796536419806","OK","508"
"2024-12-12","ALL","OP(12MF_1M_CHG)","A251970","펌텍코리아","1.70267301354815","OK","509"
"2024-12-12","ALL","OP(12MF_1M_CHG)","A253450","스튜디오드래곤","-2.46995994659547","OK","510"
"2024-12-12","ALL","OP(12MF_1M_CHG)","A253590","네오셈","","BLANK","511"
"2024-12-12","ALL","OP(12MF_1M_CHG)","A255220","SG","","BLANK","512"
"2024-12-12","ALL","OP(12MF_1M_CHG)","A256840","한국비엔씨","","BLANK","513"
"2024-12-12","ALL","OP(12MF_1M_CHG)","A257720","실리콘투","-6.17278883644572","OK","514"
"2024-12-12","ALL","OP(12MF_1M_CHG)","A259960","크래프톤","1.37904379082441","OK","515"
"2024-12-12","ALL","OP(12MF_1M_CHG)","A263750","펄어비스","-.61274509803922","OK","516"
"2024-12-12","ALL","OP(12MF_1M_CHG)","A267250","HD현대","9.04812472848387","OK","517"
"2024-12-12","ALL","OP(12MF_1M_CHG)","A267260","HD현대일렉트릭","1.6680259644497","OK","518"
"2024-12-12","ALL","OP(12MF_1M_CHG)","A267270","HD건설기계","1.00718765737307","OK","519"
"2024-12-12","ALL","OP(12MF_1M_CHG)","A267980","매일유업","","BLANK","520"
"2024-12-12","ALL","OP(12MF_1M_CHG)","A268280","미원에스씨","","BLANK","521"
"2024-12-12","ALL","OP(12MF_1M_CHG)","A271560","오리온",".221529941156124","OK","522"
"2024-12-12","ALL","OP(12MF_1M_CHG)","A271940","일진하이솔루스","-789.393939393939","OK","523"
"2024-12-12","ALL","OP(12MF_1M_CHG)","A272210","한화시스템","2.15299494828001","OK","524"
"2024-12-12","ALL","OP(12MF_1M_CHG)","A272290","이녹스첨단소재","-10.8462173964357","OK","525"
"2024-12-12","ALL","OP(12MF_1M_CHG)","A272450","진에어","-.465597516813245","OK","526"
"2024-12-12","ALL","OP(12MF_1M_CHG)","A272550","삼양패키징","1.10054094385376","OK","527"
"2024-12-12","ALL","OP(12MF_1M_CHG)","A277810","레인보우로보틱스","-72.71714922049","OK","528"
"2024-12-12","ALL","OP(12MF_1M_CHG)","A278280","천보","-42.7939006394491","OK","529"
"2024-12-12","ALL","OP(12MF_1M_CHG)","A278470","에이피알","1.32425274309496","OK","530"
"2024-12-12","ALL","OP(12MF_1M_CHG)","A280360","롯데웰푸드",".957085520222298","OK","531"
"2024-12-12","ALL","OP(12MF_1M_CHG)","A281740","레이크머티리얼즈","3.51678919133718","OK","532"
"2024-12-12","ALL","OP(12MF_1M_CHG)","A281820","케이씨텍","-19.6542893725992","OK","533"
"2024-12-12","ALL","OP(12MF_1M_CHG)","A282330","BGF리테일","1.13025348403381","OK","534"
"2024-12-12","ALL","OP(12MF_1M_CHG)","A284740","쿠쿠홈시스","","BLANK","535"
"2024-12-12","ALL","OP(12MF_1M_CHG)","A285130","SK케미칼","18.4721622788088","OK","536"
"2024-12-12","ALL","OP(12MF_1M_CHG)","A286940","롯데이노베이트","-4.08127822160473","OK","537"
"2024-12-12","ALL","OP(12MF_1M_CHG)","A290650","엘앤씨바이오","","BLANK","538"
"2024-12-12","ALL","OP(12MF_1M_CHG)","A290690","아리바이오홀딩스","","BLANK","539"
"2024-12-12","ALL","OP(12MF_1M_CHG)","A293490","카카오게임즈","8.55723927161594","OK","540"
"2024-12-12","ALL","OP(12MF_1M_CHG)","A294870","IPARK현대산업개발","5.39736740650989","OK","541"
"2024-12-12","ALL","OP(12MF_1M_CHG)","A295310","에이치브이엠","14.7502903600465","OK","542"
"2024-12-12","ALL","OP(12MF_1M_CHG)","A298020","효성티앤씨",".950926432873242","OK","543"
"2024-12-12","ALL","OP(12MF_1M_CHG)","A298040","효성중공업","1.23031290470819","OK","544"
"2024-12-12","ALL","OP(12MF_1M_CHG)","A298050","HS효성첨단소재",".138250569816539","OK","545"
"2024-12-12","ALL","OP(12MF_1M_CHG)","A298380","에이비엘바이오","-50","OK","546"
"2024-12-12","ALL","OP(12MF_1M_CHG)","A298690","에어부산","3.81125226860254","OK","547"
"2024-12-12","ALL","OP(12MF_1M_CHG)","A299900","위지윅스튜디오","","BLANK","548"
"2024-12-12","ALL","OP(12MF_1M_CHG)","A300720","한일시멘트","-19.8697529553338","OK","549"
"2024-12-12","ALL","OP(12MF_1M_CHG)","A302440","SK바이오사이언스","-23.7750640735715","OK","550"
"2024-12-12","ALL","OP(12MF_1M_CHG)","A304100","솔트룩스","","BLANK","551"
"2024-12-12","ALL","OP(12MF_1M_CHG)","A306200","세아제강","-3.24432960091874","OK","552"
"2024-12-12","ALL","OP(12MF_1M_CHG)","A307950","현대오토에버","-.628330549590397","OK","553"
"2024-12-12","ALL","OP(12MF_1M_CHG)","A310210","보로노이","","BLANK","554"
"2024-12-12","ALL","OP(12MF_1M_CHG)","A314930","바이오다인","17.1875","OK","555"
"2024-12-12","ALL","OP(12MF_1M_CHG)","A316140","우리금융지주",".145630615516534","OK","556"
"2024-12-12","ALL","OP(12MF_1M_CHG)","A317330","덕산테코피아","","BLANK","557"
"2024-12-12","ALL","OP(12MF_1M_CHG)","A319400","현대무벡스","","BLANK","558"
"2024-12-12","ALL","OP(12MF_1M_CHG)","A319660","피에스케이","-6.75537359263051","OK","559"
"2024-12-12","ALL","OP(12MF_1M_CHG)","A323280","태성","","BLANK","560"
"2024-12-12","ALL","OP(12MF_1M_CHG)","A323410","카카오뱅크",".978006336379079","OK","561"
"2024-12-12","ALL","OP(12MF_1M_CHG)","A323990","박셀바이오","","BLANK","562"
"2024-12-12","ALL","OP(12MF_1M_CHG)","A326030","SK바이오팜","2.15889965759387","OK","563"
"2024-12-12","ALL","OP(12MF_1M_CHG)","A328130","루닛","-.398406374501984","OK","564"
"2024-12-12","ALL","OP(12MF_1M_CHG)","A329180","HD현대중공업","4.33762397130197","OK","565"
"2024-12-12","ALL","OP(12MF_1M_CHG)","A334970","프레스티지바이오로직스","","BLANK","566"
"2024-12-12","ALL","OP(12MF_1M_CHG)","A336260","두산퓨얼셀","10.7382550335571","OK","567"
"2024-12-12","ALL","OP(12MF_1M_CHG)","A336370","솔루스첨단소재","292.81045751634","OK","568"
"2024-12-12","ALL","OP(12MF_1M_CHG)","A336570","원텍","-26.1119832548404","OK","569"
"2024-12-12","ALL","OP(12MF_1M_CHG)","A338220","뷰노","4.00572246065807","OK","570"
"2024-12-12","ALL","OP(12MF_1M_CHG)","A340570","티앤엘","-1.21657943131985","OK","571"
"2024-12-12","ALL","OP(12MF_1M_CHG)","A344820","KCC글라스","","BLANK","572"
"2024-12-12","ALL","OP(12MF_1M_CHG)","A347850","디앤디파마텍","","BLANK","573"
"2024-12-12","ALL","OP(12MF_1M_CHG)","A348210","넥스틴","-.102774922918812","OK","574"
"2024-12-12","ALL","OP(12MF_1M_CHG)","A348370","엔켐","","BLANK","575"
"2024-12-12","ALL","OP(12MF_1M_CHG)","A352480","씨앤씨인터내셔널","-2.01572263656521","OK","576"
"2024-12-12","ALL","OP(12MF_1M_CHG)","A352820","하이브","1.60193887805167","OK","577"
"2024-12-12","ALL","OP(12MF_1M_CHG)","A353200","대덕전자","2.88432497734823","OK","578"
"2024-12-12","ALL","OP(12MF_1M_CHG)","A357780","솔브레인","-7.06864744149918","OK","579"
"2024-12-12","ALL","OP(12MF_1M_CHG)","A358570","지아이이노베이션","","BLANK","580"
"2024-12-12","ALL","OP(12MF_1M_CHG)","A361610","SK아이이테크놀로지","-3.36450498068713","OK","581"
"2024-12-12","ALL","OP(12MF_1M_CHG)","A365340","성일하이텍","-139.056742815033","OK","582"
"2024-12-12","ALL","OP(12MF_1M_CHG)","A372170","윤성에프앤씨","","BLANK","583"
"2024-12-12","ALL","OP(12MF_1M_CHG)","A372320","큐로셀","","BLANK","584"
"2024-12-12","ALL","OP(12MF_1M_CHG)","A373220","LG에너지솔루션","-3.08221565401667","OK","585"
"2024-12-12","ALL","OP(12MF_1M_CHG)","A375500","DL이앤씨","4.15636344504656","OK","586"
"2024-12-12","ALL","OP(12MF_1M_CHG)","A376300","디어유","8.4804774931609","OK","587"
"2024-12-12","ALL","OP(12MF_1M_CHG)","A377300","카카오페이","7.57946210268949","OK","588"
"2024-12-12","ALL","OP(12MF_1M_CHG)","A377740","바이오노트","","BLANK","589"
"2024-12-12","ALL","OP(12MF_1M_CHG)","A378340","필에너지","","BLANK","590"
"2024-12-12","ALL","OP(12MF_1M_CHG)","A381970","케이카",".611932687404391","OK","591"
"2024-12-12","ALL","OP(12MF_1M_CHG)","A383220","F&F","-1.95858083159415","OK","592"
"2024-12-12","ALL","OP(12MF_1M_CHG)","A383310","에코프로에이치엔","","BLANK","593"
"2024-12-12","ALL","OP(12MF_1M_CHG)","A383800","LX홀딩스","3.47167250932941","OK","594"
"2024-12-12","ALL","OP(12MF_1M_CHG)","A388720","유일로보틱스","","BLANK","595"
"2024-12-12","ALL","OP(12MF_1M_CHG)","A389650","넥스트바이오메디컬","-27.3764258555133","OK","596"
"2024-12-12","ALL","OP(12MF_1M_CHG)","A393890","더블유씨피","-54.3697140555779","OK","597"
"2024-12-12","ALL","OP(12MF_1M_CHG)","A397030","에이프릴바이오","","BLANK","598"
"2024-12-12","ALL","OP(12MF_1M_CHG)","A399720","가온칩스","-.779588944011335","OK","599"
"2024-12-12","ALL","OP(12MF_1M_CHG)","A402340","SK스퀘어","13.3297744811568","OK","600"
"2024-12-12","ALL","OP(12MF_1M_CHG)","A403550","쏘카","-9.90670812972012","OK","601"
"2024-12-12","ALL","OP(12MF_1M_CHG)","A403870","HPSP","-8.20444837236706","OK","602"
"2024-12-12","ALL","OP(12MF_1M_CHG)","A417200","LS머트리얼즈","","BLANK","603"
"2024-12-12","ALL","OP(12MF_1M_CHG)","A418550","제이오","8.9588377723971","OK","604"
"2024-12-12","ALL","OP(12MF_1M_CHG)","A420770","기가비스","","BLANK","605"
"2024-12-12","ALL","OP(12MF_1M_CHG)","A440110","파두","","BLANK","606"
"2024-12-12","ALL","OP(12MF_1M_CHG)","A443060","HD현대마린솔루션","1.95620672999516","OK","607"
"2024-12-12","ALL","OP(12MF_1M_CHG)","A445680","큐리옥스바이오시스템즈","","BLANK","608"
"2024-12-12","ALL","OP(12MF_1M_CHG)","A450080","에코프로머티","-1.50156006240249","OK","609"
"2024-12-12","ALL","OP(12MF_1M_CHG)","A453340","현대그린푸드","","BLANK","610"
"2024-12-12","ALL","OP(12MF_1M_CHG)","A454910","두산로보틱스","25.4742547425474","OK","611"
"2024-12-12","ALL","OP(12MF_1M_CHG)","A455900","엔젤로보틱스","","BLANK","612"
"2024-12-12","ALL","OP(12MF_1M_CHG)","A456040","OCI","","BLANK","613"
"2024-12-12","ALL","OP(12MF_1M_CHG)","A457190","이수스페셜티케미컬","2.06389595702574","OK","614"
"2024-12-12","ALL","OP(12MF_1M_CHG)","A458650","성우","","BLANK","615"
"2024-12-12","ALL","OP(12MF_1M_CHG)","A460860","동국제강","1.10114444788123","OK","616"
"2024-12-12","ALL","OP(12MF_1M_CHG)","A460930","현대힘스","","BLANK","617"
"2024-12-12","ALL","OP(12MF_1M_CHG)","A462870","시프트업","4.29750622352273","OK","618"
"2024-12-12","ALL","OP(12MF_1M_CHG)","A475150","SK이터닉스","-15.4051796157059","OK","619"
"2024-12-12","ALL","OP(12MF_1M_CHG)","A475560","더본코리아","","BLANK","620"
"2024-12-12","ALL","OP(12MF_1M_CHG)","A489790","한화비전","","BLANK","621"
"2024-12-12","ALL","OP(12MF_1M_CHG)","A900140","엘브이엠씨홀딩스","","BLANK","622"
"2024-12-12","ALL","OP(12MF_1M_CHG)","A950160","코오롱티슈진","","BLANK","623"
"2024-12-12","ALL","OP(12MF_1M_CHG)","A950210","프레스티지바이오파마","","BLANK","624"
