Date,Universe,Factor,StockCode,StockName,FactorValue,ValueStatus,SourceRow
"2022-09-13","ALL","모멘텀(12-1)","A000020","동화약품","-28.3807632914185","OK","14"
"2022-09-13","ALL","모멘텀(12-1)","A000050","경방","-2.92177191328933","OK","15"
"2022-09-13","ALL","모멘텀(12-1)","A000070","삼양홀딩스","-40.5489846016514","OK","16"
"2022-09-13","ALL","모멘텀(12-1)","A000080","하이트진로","-5.24327927127305","OK","17"
"2022-09-13","ALL","모멘텀(12-1)","A000100","유한양행","-6.21533954169719","OK","18"
"2022-09-13","ALL","모멘텀(12-1)","A000120","CJ대한통운","-24.9972638721681","OK","19"
"2022-09-13","ALL","모멘텀(12-1)","A000140","하이트진로홀딩스","-17.0143812031598","OK","20"
"2022-09-13","ALL","모멘텀(12-1)","A000150","두산","-7.66534765404184","OK","21"
"2022-09-13","ALL","모멘텀(12-1)","A000210","DL","-.707112113137924","OK","22"
"2022-09-13","ALL","모멘텀(12-1)","A000230","일동홀딩스","162.682504330611","OK","23"
"2022-09-13","ALL","모멘텀(12-1)","A000240","한국앤컴퍼니","-21.0658950905358","OK","24"
"2022-09-13","ALL","모멘텀(12-1)","A000250","삼천당제약","-24.8603670352217","OK","25"
"2022-09-13","ALL","모멘텀(12-1)","A000270","기아","-.243235025843717","OK","26"
"2022-09-13","ALL","모멘텀(12-1)","A000370","한화손해보험","10.2149950889447","OK","27"
"2022-09-13","ALL","모멘텀(12-1)","A000400","롯데손해보험","-6.61328896745347","OK","28"
"2022-09-13","ALL","모멘텀(12-1)","A000480","CR홀딩스","-14.0019569471624","OK","29"
"2022-09-13","ALL","모멘텀(12-1)","A000490","대동","7.16973456727345","OK","30"
"2022-09-13","ALL","모멘텀(12-1)","A000640","동아쏘시오홀딩스","-9.50726468730258","OK","31"
"2022-09-13","ALL","모멘텀(12-1)","A000660","SK하이닉스","-12.400354295837","OK","32"
"2022-09-13","ALL","모멘텀(12-1)","A000670","영풍","-20.3310104529617","OK","33"
"2022-09-13","ALL","모멘텀(12-1)","A000720","현대건설","-8.64718614718616","OK","34"
"2022-09-13","ALL","모멘텀(12-1)","A000810","삼성화재","-12.8506329113924","OK","35"
"2022-09-13","ALL","모멘텀(12-1)","A000880","한화","-11.775247733502","OK","36"
"2022-09-13","ALL","모멘텀(12-1)","A000990","DB하이텍","-24.0654205607477","OK","37"
"2022-09-13","ALL","모멘텀(12-1)","A001040","CJ","-21.9218899648824","OK","38"
"2022-09-13","ALL","모멘텀(12-1)","A001060","JW중외제약","-11.5942028985507","OK","39"
"2022-09-13","ALL","모멘텀(12-1)","A001070","대한방직","16.370430216118","OK","40"
"2022-09-13","ALL","모멘텀(12-1)","A001120","LX인터내셔널","15.2831353186237","OK","41"
"2022-09-13","ALL","모멘텀(12-1)","A001200","유진투자증권","-24.6546227417641","OK","42"
"2022-09-13","ALL","모멘텀(12-1)","A001230","동국홀딩스","-29.7005872725522","OK","43"
"2022-09-13","ALL","모멘텀(12-1)","A001250","GS글로벌","39.8474945533769","OK","44"
"2022-09-13","ALL","모멘텀(12-1)","A001390","KG케미칼","-15.6288429290106","OK","45"
"2022-09-13","ALL","모멘텀(12-1)","A001430","세아베스틸지주","-41.923307883675","OK","46"
"2022-09-13","ALL","모멘텀(12-1)","A001440","대한전선","-27.1182772427227","OK","47"
"2022-09-13","ALL","모멘텀(12-1)","A001450","현대해상","35.5848974247054","OK","48"
"2022-09-13","ALL","모멘텀(12-1)","A001470","삼부토건","-22.7197931358721","OK","49"
"2022-09-13","ALL","모멘텀(12-1)","A001500","현대차증권","-17.2527927182458","OK","50"
"2022-09-13","ALL","모멘텀(12-1)","A001510","SK증권","-14.5485303446818","OK","51"
"2022-09-13","ALL","모멘텀(12-1)","A001520","동양","-26.8324324324324","OK","52"
"2022-09-13","ALL","모멘텀(12-1)","A001530","DI동일","-39.935956084172","OK","53"
"2022-09-13","ALL","모멘텀(12-1)","A001570","금양","123.685853414908","OK","54"
"2022-09-13","ALL","모멘텀(12-1)","A001630","종근당홀딩스","-32.0836873406967","OK","55"
"2022-09-13","ALL","모멘텀(12-1)","A001680","대상","-6.59919881931268","OK","56"
"2022-09-13","ALL","모멘텀(12-1)","A001720","신영증권","-7.86017168269727","OK","57"
"2022-09-13","ALL","모멘텀(12-1)","A001740","SK네트웍스","-18.9662148492818","OK","58"
"2022-09-13","ALL","모멘텀(12-1)","A001780","알루코","-28.8722457397156","OK","59"
"2022-09-13","ALL","모멘텀(12-1)","A001790","대한제당","-11.143955069465","OK","60"
"2022-09-13","ALL","모멘텀(12-1)","A001800","오리온홀딩스","-7.05955851728447","OK","61"
"2022-09-13","ALL","모멘텀(12-1)","A001820","삼화콘덴서","-31.2141853173316","OK","62"
"2022-09-13","ALL","모멘텀(12-1)","A002020","코오롱","-37.9536982538748","OK","63"
"2022-09-13","ALL","모멘텀(12-1)","A002030","아세아","-14.3821810118928","OK","64"
"2022-09-13","ALL","모멘텀(12-1)","A002150","도화엔지니어링","14.755529685681","OK","65"
"2022-09-13","ALL","모멘텀(12-1)","A002240","고려제강","-19.5344591510726","OK","66"
"2022-09-13","ALL","모멘텀(12-1)","A002310","아세아제지","-21.3725689848284","OK","67"
"2022-09-13","ALL","모멘텀(12-1)","A002320","한진","-29.7176496238962","OK","68"
"2022-09-13","ALL","모멘텀(12-1)","A002350","넥센타이어","-15.7196495619524","OK","69"
"2022-09-13","ALL","모멘텀(12-1)","A002380","KCC","-33.0801687763713","OK","70"
"2022-09-13","ALL","모멘텀(12-1)","A002710","TCC스틸","51.1023244668104","OK","71"
"2022-09-13","ALL","모멘텀(12-1)","A002790","아모레퍼시픽홀딩스","-31.3742071881607","OK","72"
"2022-09-13","ALL","모멘텀(12-1)","A002840","미원상사","-15.2920427430231","OK","73"
"2022-09-13","ALL","모멘텀(12-1)","A002900","TYM","7.67982144668764","OK","74"
"2022-09-13","ALL","모멘텀(12-1)","A002960","한국쉘석유","-6.35188866799204","OK","75"
"2022-09-13","ALL","모멘텀(12-1)","A002990","금호건설","-30.7372566178079","OK","76"
"2022-09-13","ALL","모멘텀(12-1)","A003000","부광약품","-54.9441964285714","OK","77"
"2022-09-13","ALL","모멘텀(12-1)","A003030","세아제강지주","39.1676168757126","OK","78"
"2022-09-13","ALL","모멘텀(12-1)","A003070","코오롱글로벌","-31.8983620327593","OK","79"
"2022-09-13","ALL","모멘텀(12-1)","A003090","대웅","-24.722345624167","OK","80"
"2022-09-13","ALL","모멘텀(12-1)","A003100","선광","95.5","OK","81"
"2022-09-13","ALL","모멘텀(12-1)","A003120","일성아이에스","-3.60434496379196","OK","82"
"2022-09-13","ALL","모멘텀(12-1)","A003200","일신방직","-6.03522132317944","OK","83"
"2022-09-13","ALL","모멘텀(12-1)","A003220","대원제약","2.98312465977138","OK","84"
"2022-09-13","ALL","모멘텀(12-1)","A003230","삼양식품","33.4944274583292","OK","85"
"2022-09-13","ALL","모멘텀(12-1)","A003240","태광산업","-25.8075148319051","OK","86"
"2022-09-13","ALL","모멘텀(12-1)","A003280","흥아해운","19.2940911141182","OK","87"
"2022-09-13","ALL","모멘텀(12-1)","A003300","한일홀딩스","-16.7177914110429","OK","88"
"2022-09-13","ALL","모멘텀(12-1)","A003380","하림지주","-4.59125257613923","OK","89"
"2022-09-13","ALL","모멘텀(12-1)","A003470","유안타증권","-28.9275240888144","OK","90"
"2022-09-13","ALL","모멘텀(12-1)","A003490","대한항공","-16.0182612147678","OK","91"
"2022-09-13","ALL","모멘텀(12-1)","A003520","영진약품","-31.7946302402261","OK","92"
"2022-09-13","ALL","모멘텀(12-1)","A003530","한화투자증권","-27.5066038819341","OK","93"
"2022-09-13","ALL","모멘텀(12-1)","A003540","대신증권","-22.7385377942999","OK","94"
"2022-09-13","ALL","모멘텀(12-1)","A003550","LG","-10.8625867246557","OK","95"
"2022-09-13","ALL","모멘텀(12-1)","A003570","SNT다이내믹스","-7.19431104543776","OK","96"
"2022-09-13","ALL","모멘텀(12-1)","A003580","HLB글로벌","-69.6363982486198","OK","97"
"2022-09-13","ALL","모멘텀(12-1)","A003620","KG모빌리티","0","OK","98"
"2022-09-13","ALL","모멘텀(12-1)","A003670","포스코퓨처엠","1.26570995632409","OK","99"
"2022-09-13","ALL","모멘텀(12-1)","A003690","코리안리","-6.96236272523724","OK","100"
"2022-09-13","ALL","모멘텀(12-1)","A003800","에이스침대","-18.1977444432278","OK","101"
"2022-09-13","ALL","모멘텀(12-1)","A003850","보령","-33.431629532547","OK","102"
"2022-09-13","ALL","모멘텀(12-1)","A003920","남양유업","-17.7797998180164","OK","103"
"2022-09-13","ALL","모멘텀(12-1)","A004000","롯데정밀화학","-22.0092798063345","OK","104"
"2022-09-13","ALL","모멘텀(12-1)","A004020","현대제철","-34.995684281193","OK","105"
"2022-09-13","ALL","모멘텀(12-1)","A004170","신세계","-18.4001477923517","OK","106"
"2022-09-13","ALL","모멘텀(12-1)","A004250","NPC","25.9926276987888","OK","107"
"2022-09-13","ALL","모멘텀(12-1)","A004360","세방","-2.95669577874817","OK","108"
"2022-09-13","ALL","모멘텀(12-1)","A004370","농심","1.2022630834512","OK","109"
"2022-09-13","ALL","모멘텀(12-1)","A004380","삼익THK","18.1778788863612","OK","110"
"2022-09-13","ALL","모멘텀(12-1)","A004430","송원산업","-5.26211081269274","OK","111"
"2022-09-13","ALL","모멘텀(12-1)","A004490","세방전지","-40.5371380612673","OK","112"
"2022-09-13","ALL","모멘텀(12-1)","A004690","삼천리","124.779850392955","OK","113"
"2022-09-13","ALL","모멘텀(12-1)","A004700","조광피혁","-19.6884258816783","OK","114"
"2022-09-13","ALL","모멘텀(12-1)","A004800","효성","-37.2814552804447","OK","115"
"2022-09-13","ALL","모멘텀(12-1)","A004890","동일산업","54.0356925572906","OK","116"
"2022-09-13","ALL","모멘텀(12-1)","A004990","롯데지주","10.8268659576507","OK","117"
"2022-09-13","ALL","모멘텀(12-1)","A005010","휴스틸","59.5611500894208","OK","118"
"2022-09-13","ALL","모멘텀(12-1)","A005070","코스모신소재","14.997836434444","OK","119"
"2022-09-13","ALL","모멘텀(12-1)","A005090","SGC에너지","-14.556186657757","OK","120"
"2022-09-13","ALL","모멘텀(12-1)","A005180","빙그레","-15.9533490263214","OK","121"
"2022-09-13","ALL","모멘텀(12-1)","A005250","녹십자홀딩스","-38.9672404219878","OK","122"
"2022-09-13","ALL","모멘텀(12-1)","A005290","동진쎄미켐","34.3845996313742","OK","123"
"2022-09-13","ALL","모멘텀(12-1)","A005300","롯데칠성","12.1558704453441","OK","124"
"2022-09-13","ALL","모멘텀(12-1)","A005380","현대차","-4.39882697947213","OK","125"
"2022-09-13","ALL","모멘텀(12-1)","A005420","코스모화학","25.7177303895712","OK","126"
"2022-09-13","ALL","모멘텀(12-1)","A005440","현대지에프홀딩스","-20.7129297616536","OK","127"
"2022-09-13","ALL","모멘텀(12-1)","A005490","POSCO홀딩스","-30.8046458093544","OK","128"
"2022-09-13","ALL","모멘텀(12-1)","A005500","삼진제약","-3.84615384615384","OK","129"
"2022-09-13","ALL","모멘텀(12-1)","A005610","삼립","7.45490110845468","OK","130"
"2022-09-13","ALL","모멘텀(12-1)","A005690","파미셀","-6.14631817639335","OK","131"
"2022-09-13","ALL","모멘텀(12-1)","A005810","풍산홀딩스","-9.04527559055119","OK","132"
"2022-09-13","ALL","모멘텀(12-1)","A005830","DB손해보험","3.92034198727976","OK","133"
"2022-09-13","ALL","모멘텀(12-1)","A005850","에스엘","11.4335553441167","OK","134"
"2022-09-13","ALL","모멘텀(12-1)","A005880","대한해운","-10.2505953055902","OK","135"
"2022-09-13","ALL","모멘텀(12-1)","A005930","삼성전자","-21.0962594549788","OK","136"
"2022-09-13","ALL","모멘텀(12-1)","A005940","NH투자증권","-23.3129470301648","OK","137"
"2022-09-13","ALL","모멘텀(12-1)","A005950","이수화학","9.82929378390484","OK","138"
"2022-09-13","ALL","모멘텀(12-1)","A006040","동원산업","-3.5178953808504","OK","139"
"2022-09-13","ALL","모멘텀(12-1)","A006060","화승인더","-26.9653333333333","OK","140"
"2022-09-13","ALL","모멘텀(12-1)","A006110","삼아알미늄","-24.8098093618545","OK","141"
"2022-09-13","ALL","모멘텀(12-1)","A006120","SK디스커버리","-29.3949011979113","OK","142"
"2022-09-13","ALL","모멘텀(12-1)","A006260","LS","-5.4151273575734","OK","143"
"2022-09-13","ALL","모멘텀(12-1)","A006280","녹십자","-53.945885005637","OK","144"
"2022-09-13","ALL","모멘텀(12-1)","A006360","GS건설","-25.3964632059327","OK","145"
"2022-09-13","ALL","모멘텀(12-1)","A006400","삼성SDI","-15.9267308289351","OK","146"
"2022-09-13","ALL","모멘텀(12-1)","A006650","대한유화","-44.8657534246575","OK","147"
"2022-09-13","ALL","모멘텀(12-1)","A006730","서부T&D","-12.0210780546712","OK","148"
"2022-09-13","ALL","모멘텀(12-1)","A006800","미래에셋증권","-22.7846822269375","OK","149"
"2022-09-13","ALL","모멘텀(12-1)","A006910","보성파워텍","50.9272313198135","OK","150"
"2022-09-13","ALL","모멘텀(12-1)","A007070","GS리테일","-24.556937236855","OK","151"
"2022-09-13","ALL","모멘텀(12-1)","A007310","오뚜기","-7.33","OK","152"
"2022-09-13","ALL","모멘텀(12-1)","A007340","DN오토모티브","22.3038781653976","OK","153"
"2022-09-13","ALL","모멘텀(12-1)","A007390","네이처셀","7.22828229727955","OK","154"
"2022-09-13","ALL","모멘텀(12-1)","A007460","에이프로젠","-23.9327883742053","OK","155"
"2022-09-13","ALL","모멘텀(12-1)","A007570","일양약품","-29.0633910945383","OK","156"
"2022-09-13","ALL","모멘텀(12-1)","A007660","이수페타시스","70.3339230429014","OK","157"
"2022-09-13","ALL","모멘텀(12-1)","A007690","국도화학","-41.1288731004539","OK","158"
"2022-09-13","ALL","모멘텀(12-1)","A007700","F&F홀딩스","-47.1434997750787","OK","159"
"2022-09-13","ALL","모멘텀(12-1)","A007810","코리아써키트","31.0622483741096","OK","160"
"2022-09-13","ALL","모멘텀(12-1)","A008490","서흥","-31.9721003487456","OK","161"
"2022-09-13","ALL","모멘텀(12-1)","A008730","율촌화학","37.1877482566864","OK","162"
"2022-09-13","ALL","모멘텀(12-1)","A008770","호텔신라","-17.0111759469884","OK","163"
"2022-09-13","ALL","모멘텀(12-1)","A008930","한미사이언스","-40.948275862069","OK","164"
"2022-09-13","ALL","모멘텀(12-1)","A009150","삼성전기","-25.9442488821235","OK","165"
"2022-09-13","ALL","모멘텀(12-1)","A009160","SIMPAC","-17.4964746718733","OK","166"
"2022-09-13","ALL","모멘텀(12-1)","A009240","한샘","-51.3548387096774","OK","167"
"2022-09-13","ALL","모멘텀(12-1)","A009290","광동제약","-18.9419276375798","OK","168"
"2022-09-13","ALL","모멘텀(12-1)","A009420","한올바이오파마","-25.9831021174507","OK","169"
"2022-09-13","ALL","모멘텀(12-1)","A009450","경동나비엔","-40.9173435260392","OK","170"
"2022-09-13","ALL","모멘텀(12-1)","A009520","포스코엠텍","-10.5761054421769","OK","171"
"2022-09-13","ALL","모멘텀(12-1)","A009540","HD한국조선해양","-18.2531269874921","OK","172"
"2022-09-13","ALL","모멘텀(12-1)","A009580","무림P&P","4.78478478478479","OK","173"
"2022-09-13","ALL","모멘텀(12-1)","A009680","모토닉","-25.1100419694953","OK","174"
"2022-09-13","ALL","모멘텀(12-1)","A009830","한화솔루션","5.47219770520742","OK","175"
"2022-09-13","ALL","모멘텀(12-1)","A009900","명신산업","-26.4508629169275","OK","176"
"2022-09-13","ALL","모멘텀(12-1)","A009970","영원무역홀딩스","-2.05454871702854","OK","177"
"2022-09-13","ALL","모멘텀(12-1)","A010060","OCI홀딩스","-12.230641723893","OK","178"
"2022-09-13","ALL","모멘텀(12-1)","A010120","LS ELECTRIC","-15.7665505226481","OK","179"
"2022-09-13","ALL","모멘텀(12-1)","A010130","고려아연","11.3619119878604","OK","180"
"2022-09-13","ALL","모멘텀(12-1)","A010140","삼성중공업","-.667726550079479","OK","181"
"2022-09-13","ALL","모멘텀(12-1)","A010690","화신","14.9889135254989","OK","182"
"2022-09-13","ALL","모멘텀(12-1)","A010780","아이에스동서","-14.919451791296","OK","183"
"2022-09-13","ALL","모멘텀(12-1)","A010950","S-Oil","-8.89782934131735","OK","184"
"2022-09-13","ALL","모멘텀(12-1)","A011000","진원생명과학","-46.555070354197","OK","185"
"2022-09-13","ALL","모멘텀(12-1)","A011070","LG이노텍","54.6287367405979","OK","186"
"2022-09-13","ALL","모멘텀(12-1)","A011170","롯데케미칼","-27.3265025879371","OK","187"
"2022-09-13","ALL","모멘텀(12-1)","A011200","HMM","-36.2118928944013","OK","188"
"2022-09-13","ALL","모멘텀(12-1)","A011210","현대위아","-16.2391602008215","OK","189"
"2022-09-13","ALL","모멘텀(12-1)","A011780","금호석유화학","-31.8965517241379","OK","190"
"2022-09-13","ALL","모멘텀(12-1)","A011790","SKC","-21.373954599761","OK","191"
"2022-09-13","ALL","모멘텀(12-1)","A011930","신성이엔지","-.416032470826991","OK","192"
"2022-09-13","ALL","모멘텀(12-1)","A012330","현대모비스","-14.6957520091848","OK","193"
"2022-09-13","ALL","모멘텀(12-1)","A012450","한화에어로스페이스","42.7432505888748","OK","194"
"2022-09-13","ALL","모멘텀(12-1)","A012510","더존비즈온","-65.8448753462604","OK","195"
"2022-09-13","ALL","모멘텀(12-1)","A012630","HDC","-37.006874669487","OK","196"
"2022-09-13","ALL","모멘텀(12-1)","A012750","에스원","-25.957213384531","OK","197"
"2022-09-13","ALL","모멘텀(12-1)","A013030","하이록코리아","27.9390629491233","OK","198"
"2022-09-13","ALL","모멘텀(12-1)","A013120","동원개발","-28.5506109180585","OK","199"
"2022-09-13","ALL","모멘텀(12-1)","A013890","지누스","-39.7475224162341","OK","200"
"2022-09-13","ALL","모멘텀(12-1)","A014620","성광벤드","58.6798861654273","OK","201"
"2022-09-13","ALL","모멘텀(12-1)","A014680","한솔케미칼","-30.0806369296723","OK","202"
"2022-09-13","ALL","모멘텀(12-1)","A014820","동원시스템즈","-14.7296251244056","OK","203"
"2022-09-13","ALL","모멘텀(12-1)","A014830","유니드","-29.9623352165725","OK","204"
"2022-09-13","ALL","모멘텀(12-1)","A015750","성우하이텍","-8.92663177643921","OK","205"
"2022-09-13","ALL","모멘텀(12-1)","A015760","한국전력","-7.33355489088289","OK","206"
"2022-09-13","ALL","모멘텀(12-1)","A015860","일진홀딩스","-7.74656029598798","OK","207"
"2022-09-13","ALL","모멘텀(12-1)","A016360","삼성증권","-26.9238834137136","OK","208"
"2022-09-13","ALL","모멘텀(12-1)","A016380","KG스틸","-13.8561462593216","OK","209"
"2022-09-13","ALL","모멘텀(12-1)","A016580","환인제약","-12.0509966609329","OK","210"
"2022-09-13","ALL","모멘텀(12-1)","A016590","신대양제지","-1.25181046968756","OK","211"
"2022-09-13","ALL","모멘텀(12-1)","A016710","대성홀딩스","122.736635605689","OK","212"
"2022-09-13","ALL","모멘텀(12-1)","A016790","현대사료","1081.8281535649","OK","213"
"2022-09-13","ALL","모멘텀(12-1)","A016800","퍼시스","-19.4923221560639","OK","214"
"2022-09-13","ALL","모멘텀(12-1)","A017390","서울가스","58.8066825775656","OK","215"
"2022-09-13","ALL","모멘텀(12-1)","A017670","SK텔레콤","-.561066025448355","OK","216"
"2022-09-13","ALL","모멘텀(12-1)","A017800","현대엘리베이터","-38.0158128452291","OK","217"
"2022-09-13","ALL","모멘텀(12-1)","A017810","풀무원","-15.3880663974877","OK","218"
"2022-09-13","ALL","모멘텀(12-1)","A017940","E1","-28.1063057762087","OK","219"
"2022-09-13","ALL","모멘텀(12-1)","A017960","한국카본","31.0793650793651","OK","220"
"2022-09-13","ALL","모멘텀(12-1)","A018000","유니슨","-19.6774554821368","OK","221"
"2022-09-13","ALL","모멘텀(12-1)","A018250","애경산업","-40.1676270298586","OK","222"
"2022-09-13","ALL","모멘텀(12-1)","A018260","삼성에스디에스","-20","OK","223"
"2022-09-13","ALL","모멘텀(12-1)","A018310","삼목에스폼","37.1474918891939","OK","224"
"2022-09-13","ALL","모멘텀(12-1)","A018470","조일알미늄","-30.3581914268937","OK","225"
"2022-09-13","ALL","모멘텀(12-1)","A018670","SK가스","-24.4520619092137","OK","226"
"2022-09-13","ALL","모멘텀(12-1)","A018880","한온시스템","-32.7152579149817","OK","227"
"2022-09-13","ALL","모멘텀(12-1)","A019170","신풍제약","-56.5450518708474","OK","228"
"2022-09-13","ALL","모멘텀(12-1)","A020000","한섬","-26.7220006467608","OK","229"
"2022-09-13","ALL","모멘텀(12-1)","A020120","키다리스튜디오","-32.3326185370503","OK","230"
"2022-09-13","ALL","모멘텀(12-1)","A020150","롯데에너지머티리얼즈","-7.24296445789886","OK","231"
"2022-09-13","ALL","모멘텀(12-1)","A020560","아시아나항공","-36.4315003679949","OK","232"
"2022-09-13","ALL","모멘텀(12-1)","A021240","코웨이","-15.7772364924712","OK","233"
"2022-09-13","ALL","모멘텀(12-1)","A022100","포스코DX","-11.8407396924238","OK","234"
"2022-09-13","ALL","모멘텀(12-1)","A023160","태광","33.8786177523957","OK","235"
"2022-09-13","ALL","모멘텀(12-1)","A023410","유진기업","-19.4939993512812","OK","236"
"2022-09-13","ALL","모멘텀(12-1)","A023530","롯데쇼핑","-4.67318900915903","OK","237"
"2022-09-13","ALL","모멘텀(12-1)","A023590","다우기술","-27.2886417464731","OK","238"
"2022-09-13","ALL","모멘텀(12-1)","A024110","기업은행","-5.07064836155926","OK","239"
"2022-09-13","ALL","모멘텀(12-1)","A024720","콜마홀딩스","-28.3367768595041","OK","240"
"2022-09-13","ALL","모멘텀(12-1)","A025540","한국단자","-25.0622177159185","OK","241"
"2022-09-13","ALL","모멘텀(12-1)","A025770","한국정보통신","9.54907161803713","OK","242"
"2022-09-13","ALL","모멘텀(12-1)","A025860","남해화학","-4.26219573780426","OK","243"
"2022-09-13","ALL","모멘텀(12-1)","A025900","동화기업","-2.79523293607801","OK","244"
"2022-09-13","ALL","모멘텀(12-1)","A025980","아난티","-31.6214066583343","OK","245"
"2022-09-13","ALL","모멘텀(12-1)","A026890","스틱인베스트먼트","-42.0479067760035","OK","246"
"2022-09-13","ALL","모멘텀(12-1)","A026960","동서","-14.59122298953","OK","247"
"2022-09-13","ALL","모멘텀(12-1)","A027360","아주IB투자","-36.0790034788464","OK","248"
"2022-09-13","ALL","모멘텀(12-1)","A027410","BGF","-31.5215065268564","OK","249"
"2022-09-13","ALL","모멘텀(12-1)","A028050","삼성E&A","-2.63261296660117","OK","250"
"2022-09-13","ALL","모멘텀(12-1)","A028260","삼성물산","-4.2528493035036","OK","251"
"2022-09-13","ALL","모멘텀(12-1)","A028300","HLB","-30.5545617173524","OK","252"
"2022-09-13","ALL","모멘텀(12-1)","A028670","팬오션","-20.1629100647177","OK","253"
"2022-09-13","ALL","모멘텀(12-1)","A029530","신도리코","-1.08285797157498","OK","254"
"2022-09-13","ALL","모멘텀(12-1)","A029780","삼성카드","-6.01243248751655","OK","255"
"2022-09-13","ALL","모멘텀(12-1)","A030000","제일기획","-1.94571941728199","OK","256"
"2022-09-13","ALL","모멘텀(12-1)","A030190","NICE평가정보","-22.7052631578947","OK","257"
"2022-09-13","ALL","모멘텀(12-1)","A030200","KT","14.9578294888731","OK","258"
"2022-09-13","ALL","모멘텀(12-1)","A030210","다올투자증권","-36.195200971955","OK","259"
"2022-09-13","ALL","모멘텀(12-1)","A030520","한컴","-22.9052631578947","OK","260"
"2022-09-13","ALL","모멘텀(12-1)","A030530","원익홀딩스","-27.9712668698302","OK","261"
"2022-09-13","ALL","모멘텀(12-1)","A030610","교보증권","-22.6684891178635","OK","262"
"2022-09-13","ALL","모멘텀(12-1)","A030960","양지사","21.5884900535859","OK","263"
"2022-09-13","ALL","모멘텀(12-1)","A031330","에스에이엠티","-21.936608212613","OK","264"
"2022-09-13","ALL","모멘텀(12-1)","A031430","신세계인터내셔날","-22.1233174120712","OK","265"
"2022-09-13","ALL","모멘텀(12-1)","A032190","다우데이타","-11.7641731570368","OK","266"
"2022-09-13","ALL","모멘텀(12-1)","A032300","한국파마","-58.3158874156781","OK","267"
"2022-09-13","ALL","모멘텀(12-1)","A032350","롯데관광개발","-40.3020585497052","OK","268"
"2022-09-13","ALL","모멘텀(12-1)","A032500","케이엠더블유","-24.9062393453802","OK","269"
"2022-09-13","ALL","모멘텀(12-1)","A032620","GC메디아이","-24.000924000924","OK","270"
"2022-09-13","ALL","모멘텀(12-1)","A032640","LG유플러스","-13.4911894273128","OK","271"
"2022-09-13","ALL","모멘텀(12-1)","A032820","우리기술","-1.16552728902836","OK","272"
"2022-09-13","ALL","모멘텀(12-1)","A032830","삼성생명","-15.0122896577803","OK","273"
"2022-09-13","ALL","모멘텀(12-1)","A033160","엠케이전자","-45.5649533723704","OK","274"
"2022-09-13","ALL","모멘텀(12-1)","A033240","자화전자","22.6893020749124","OK","275"
"2022-09-13","ALL","모멘텀(12-1)","A033270","유나이티드제약","-48.4260973750136","OK","276"
"2022-09-13","ALL","모멘텀(12-1)","A033290","로젠","-12.8936799830903","OK","277"
"2022-09-13","ALL","모멘텀(12-1)","A033310","엠투엔","-42.0893054024256","OK","278"
"2022-09-13","ALL","모멘텀(12-1)","A033500","동성화인텍","8.32988838362958","OK","279"
"2022-09-13","ALL","모멘텀(12-1)","A033640","네패스","-41.1525817056662","OK","280"
"2022-09-13","ALL","모멘텀(12-1)","A033780","KT&G","-.373134328358219","OK","281"
"2022-09-13","ALL","모멘텀(12-1)","A034020","두산에너빌리티","7.95226279097247","OK","282"
"2022-09-13","ALL","모멘텀(12-1)","A034120","SBS","-19.6213231150682","OK","283"
"2022-09-13","ALL","모멘텀(12-1)","A034220","LG디스플레이","-18.3166248955723","OK","284"
"2022-09-13","ALL","모멘텀(12-1)","A034230","파라다이스","-10.3541221303095","OK","285"
"2022-09-13","ALL","모멘텀(12-1)","A034310","NICE","-24.5795964125561","OK","286"
"2022-09-13","ALL","모멘텀(12-1)","A034730","SK","-13.21","OK","287"
"2022-09-13","ALL","모멘텀(12-1)","A034810","해성산업","-21.7762326169406","OK","288"
"2022-09-13","ALL","모멘텀(12-1)","A034830","한국토지신탁","-28.2192669477781","OK","289"
"2022-09-13","ALL","모멘텀(12-1)","A034950","한국기업평가","-12.4411222609052","OK","290"
"2022-09-13","ALL","모멘텀(12-1)","A035080","그래디언트","-46.1832061068702","OK","291"
"2022-09-13","ALL","모멘텀(12-1)","A035150","백산","21.5848406546081","OK","292"
"2022-09-13","ALL","모멘텀(12-1)","A035250","강원랜드","-7.17202908656242","OK","293"
"2022-09-13","ALL","모멘텀(12-1)","A035420","NAVER","-34.9215184236892","OK","294"
"2022-09-13","ALL","모멘텀(12-1)","A035510","신세계 I&C","-43.2380567619432","OK","295"
"2022-09-13","ALL","모멘텀(12-1)","A035600","KG이니시스","-24.8","OK","296"
"2022-09-13","ALL","모멘텀(12-1)","A035720","카카오","-33.7418974661167","OK","297"
"2022-09-13","ALL","모멘텀(12-1)","A035760","CJ ENM","-30.6814476687317","OK","298"
"2022-09-13","ALL","모멘텀(12-1)","A035890","서희건설","-24.6323529411765","OK","299"
"2022-09-13","ALL","모멘텀(12-1)","A035900","JYP Ent.","49.3631766248361","OK","300"
"2022-09-13","ALL","모멘텀(12-1)","A036030","케이티알파","-19.1810114401796","OK","301"
"2022-09-13","ALL","모멘텀(12-1)","A036420","콘텐트리중앙","-10.443706610323","OK","302"
"2022-09-13","ALL","모멘텀(12-1)","A036460","한국가스공사","5.15299617509561","OK","303"
"2022-09-13","ALL","모멘텀(12-1)","A036530","SNT홀딩스","-16.0055123535781","OK","304"
"2022-09-13","ALL","모멘텀(12-1)","A036540","SFA반도체","-18.3106208089985","OK","305"
"2022-09-13","ALL","모멘텀(12-1)","A036570","NC","-34.8565676899849","OK","306"
"2022-09-13","ALL","모멘텀(12-1)","A036800","나이스정보통신","-23.6387782204515","OK","307"
"2022-09-13","ALL","모멘텀(12-1)","A036810","에프에스티","-42.2133362152815","OK","308"
"2022-09-13","ALL","모멘텀(12-1)","A036830","솔브레인홀딩스","-32.7232390460344","OK","309"
"2022-09-13","ALL","모멘텀(12-1)","A036930","주성엔지니어링","26.3694127957932","OK","310"
"2022-09-13","ALL","모멘텀(12-1)","A037070","파세코","5.22198133660099","OK","311"
"2022-09-13","ALL","모멘텀(12-1)","A037270","YG PLUS","-3.53489429415777","OK","312"
"2022-09-13","ALL","모멘텀(12-1)","A037560","LG헬로비전","-28.9234760051881","OK","313"
"2022-09-13","ALL","모멘텀(12-1)","A037710","광주신세계","-24.1192699490662","OK","314"
"2022-09-13","ALL","모멘텀(12-1)","A038500","삼표시멘트","-17.5402792696026","OK","315"
"2022-09-13","ALL","모멘텀(12-1)","A038540","상상인","6.34772703738223","OK","316"
"2022-09-13","ALL","모멘텀(12-1)","A039030","이오테크닉스","-32.1994259593919","OK","317"
"2022-09-13","ALL","모멘텀(12-1)","A039130","하나투어","-35.1277914579265","OK","318"
"2022-09-13","ALL","모멘텀(12-1)","A039200","오스코텍","-23.9676458067263","OK","319"
"2022-09-13","ALL","모멘텀(12-1)","A039490","키움증권","-25.6806475349522","OK","320"
"2022-09-13","ALL","모멘텀(12-1)","A039840","디오","-39.6956625928589","OK","321"
"2022-09-13","ALL","모멘텀(12-1)","A041190","우리기술투자","-18.9558936193499","OK","322"
"2022-09-13","ALL","모멘텀(12-1)","A041510","에스엠","18.4802898869002","OK","323"
"2022-09-13","ALL","모멘텀(12-1)","A041830","인바디","-11.4950472241419","OK","324"
"2022-09-13","ALL","모멘텀(12-1)","A041960","코미팜","-24.2664133417775","OK","325"
"2022-09-13","ALL","모멘텀(12-1)","A042000","카페24","-59.8535564853556","OK","326"
"2022-09-13","ALL","모멘텀(12-1)","A042420","네오위즈홀딩스","23.8379248319606","OK","327"
"2022-09-13","ALL","모멘텀(12-1)","A042600","새로닉스","12.6808875549362","OK","328"
"2022-09-13","ALL","모멘텀(12-1)","A042660","한화오션","-23.3264081255771","OK","329"
"2022-09-13","ALL","모멘텀(12-1)","A042700","한미반도체","-19.8801300284437","OK","330"
"2022-09-13","ALL","모멘텀(12-1)","A043150","바텍","-12.452285154235","OK","331"
"2022-09-13","ALL","모멘텀(12-1)","A045100","한양이엔지","-4.71446179129006","OK","332"
"2022-09-13","ALL","모멘텀(12-1)","A046440","KG파이낸셜","-26.4003473729918","OK","333"
"2022-09-13","ALL","모멘텀(12-1)","A046890","서울반도체","-28.6181601903251","OK","334"
"2022-09-13","ALL","모멘텀(12-1)","A047040","대우건설","-18.6167800453515","OK","335"
"2022-09-13","ALL","모멘텀(12-1)","A047050","포스코인터내셔널","6.25180897250361","OK","336"
"2022-09-13","ALL","모멘텀(12-1)","A047810","한국항공우주","78.1668060200669","OK","337"
"2022-09-13","ALL","모멘텀(12-1)","A047820","초록뱀미디어","-32.8010645375915","OK","338"
"2022-09-13","ALL","모멘텀(12-1)","A047920","HLB제약","-43.2432432432432","OK","339"
"2022-09-13","ALL","모멘텀(12-1)","A048410","현대바이오","3.73785374849278","OK","340"
"2022-09-13","ALL","모멘텀(12-1)","A048530","인트론바이오","-37.8356292318468","OK","341"
"2022-09-13","ALL","모멘텀(12-1)","A048550","SM C&C","-19.9214916584887","OK","342"
"2022-09-13","ALL","모멘텀(12-1)","A048870","시너지이노베이션","-6.79737153937306","OK","343"
"2022-09-13","ALL","모멘텀(12-1)","A049070","인탑스","20.2002420508307","OK","344"
"2022-09-13","ALL","모멘텀(12-1)","A050890","쏠리드","-20.3447604207246","OK","345"
"2022-09-13","ALL","모멘텀(12-1)","A051370","인터플렉스","-2.30459939197803","OK","346"
"2022-09-13","ALL","모멘텀(12-1)","A051500","CJ프레시웨이","9.81522890431918","OK","347"
"2022-09-13","ALL","모멘텀(12-1)","A051600","한전KPS","10.148107515085","OK","348"
"2022-09-13","ALL","모멘텀(12-1)","A051900","LG생활건강","-46.8809675366009","OK","349"
"2022-09-13","ALL","모멘텀(12-1)","A051910","LG화학","-10.98","OK","350"
"2022-09-13","ALL","모멘텀(12-1)","A052020","에스티큐브","122.429667519182","OK","351"
"2022-09-13","ALL","모멘텀(12-1)","A052690","한전기술","57.6893980330703","OK","352"
"2022-09-13","ALL","모멘텀(12-1)","A053030","바이넥스","-12.1798395075299","OK","353"
"2022-09-13","ALL","모멘텀(12-1)","A053210","스카이라이프","-7.60021965952772","OK","354"
"2022-09-13","ALL","모멘텀(12-1)","A053580","웹케시","-37.5753728974929","OK","355"
"2022-09-13","ALL","모멘텀(12-1)","A053610","프로텍","-12.2535211267606","OK","356"
"2022-09-13","ALL","모멘텀(12-1)","A053690","한미글로벌","16.742004746299","OK","357"
"2022-09-13","ALL","모멘텀(12-1)","A053800","안랩","30.1373222167729","OK","358"
"2022-09-13","ALL","모멘텀(12-1)","A054210","이랜텍","146.913918160668","OK","359"
"2022-09-13","ALL","모멘텀(12-1)","A054620","APS","-32.6539278131635","OK","360"
"2022-09-13","ALL","모멘텀(12-1)","A055490","테이팩스","8.21183533447685","OK","361"
"2022-09-13","ALL","모멘텀(12-1)","A055550","신한지주","-6.10709987966305","OK","362"
"2022-09-13","ALL","모멘텀(12-1)","A056190","SFA","16.046658259773","OK","363"
"2022-09-13","ALL","모멘텀(12-1)","A057050","현대홈쇼핑","-29.5240070517474","OK","364"
"2022-09-13","ALL","모멘텀(12-1)","A058470","리노공업","-32.9481397970688","OK","365"
"2022-09-13","ALL","모멘텀(12-1)","A058610","에스피지","46.9833867677062","OK","366"
"2022-09-13","ALL","모멘텀(12-1)","A058650","세아홀딩스","-7.48273578658593","OK","367"
"2022-09-13","ALL","모멘텀(12-1)","A058820","CMG제약","-32.4304615064069","OK","368"
"2022-09-13","ALL","모멘텀(12-1)","A059090","미코","-33.8168206807814","OK","369"
"2022-09-13","ALL","모멘텀(12-1)","A060150","인선이엔티","-16.2936933604587","OK","370"
"2022-09-13","ALL","모멘텀(12-1)","A060250","NHN KCP","-51.96","OK","371"
"2022-09-13","ALL","모멘텀(12-1)","A060280","큐렉소","1.49770759042282","OK","372"
"2022-09-13","ALL","모멘텀(12-1)","A060720","KH바텍","-26.5110329389191","OK","373"
"2022-09-13","ALL","모멘텀(12-1)","A060980","HL홀딩스","-17.064390043201","OK","374"
"2022-09-13","ALL","모멘텀(12-1)","A061970","LB세미콘","-27.6183493925429","OK","375"
"2022-09-13","ALL","모멘텀(12-1)","A063080","컴투스홀딩스","92.6087407868785","OK","376"
"2022-09-13","ALL","모멘텀(12-1)","A063170","서울옥션","25.3426743831861","OK","377"
"2022-09-13","ALL","모멘텀(12-1)","A064260","다날","25.800227014756","OK","378"
"2022-09-13","ALL","모멘텀(12-1)","A064350","현대로템","4.28378985181861","OK","379"
"2022-09-13","ALL","모멘텀(12-1)","A064550","바이오니아","-55.6249249609797","OK","380"
"2022-09-13","ALL","모멘텀(12-1)","A064760","티씨케이","-7.04572224006853","OK","381"
"2022-09-13","ALL","모멘텀(12-1)","A064960","SNT모티브","-21.7045038447455","OK","382"
"2022-09-13","ALL","모멘텀(12-1)","A065350","신성델타테크","-31.9188191881919","OK","383"
"2022-09-13","ALL","모멘텀(12-1)","A066570","LG전자","-29.3717115444135","OK","384"
"2022-09-13","ALL","모멘텀(12-1)","A066970","엘앤에프","58.1731741857172","OK","385"
"2022-09-13","ALL","모멘텀(12-1)","A067000","조이시티","-27.6807125727989","OK","386"
"2022-09-13","ALL","모멘텀(12-1)","A067160","SOOP","-46.3297634984382","OK","387"
"2022-09-13","ALL","모멘텀(12-1)","A067310","하나마이크론","-24.2258652094718","OK","388"
"2022-09-13","ALL","모멘텀(12-1)","A067630","HLB생명과학","-33.8974445760704","OK","389"
"2022-09-13","ALL","모멘텀(12-1)","A068240","다원시스","21.6991705895539","OK","390"
"2022-09-13","ALL","모멘텀(12-1)","A068270","셀트리온","-19.1055097033237","OK","391"
"2022-09-13","ALL","모멘텀(12-1)","A068290","삼성출판사","-26.2494614390349","OK","392"
"2022-09-13","ALL","모멘텀(12-1)","A068760","셀트리온제약","-38.7363937529579","OK","393"
"2022-09-13","ALL","모멘텀(12-1)","A069080","웹젠","-27.711534051823","OK","394"
"2022-09-13","ALL","모멘텀(12-1)","A069260","TKG휴켐스","-25.7341163908169","OK","395"
"2022-09-13","ALL","모멘텀(12-1)","A069620","대웅제약","13.3347333053339","OK","396"
"2022-09-13","ALL","모멘텀(12-1)","A069960","현대백화점","-20.0021099272075","OK","397"
"2022-09-13","ALL","모멘텀(12-1)","A071050","한국금융지주","-28.6428809603201","OK","398"
"2022-09-13","ALL","모멘텀(12-1)","A071320","지역난방공사","-18.476357267951","OK","399"
"2022-09-13","ALL","모멘텀(12-1)","A071840","롯데하이마트","-44.9341110391013","OK","400"
"2022-09-13","ALL","모멘텀(12-1)","A072710","농심홀딩스","-9.62792097081537","OK","401"
"2022-09-13","ALL","모멘텀(12-1)","A073240","금호타이어","-34.542233824352","OK","402"
"2022-09-13","ALL","모멘텀(12-1)","A074600","원익QnC","-.383619449506085","OK","403"
"2022-09-13","ALL","모멘텀(12-1)","A075580","세진중공업","21.1618257261411","OK","404"
"2022-09-13","ALL","모멘텀(12-1)","A077360","덕산하이메탈","-1.73354109855863","OK","405"
"2022-09-13","ALL","모멘텀(12-1)","A077970","STX엔진","42.329687970302","OK","406"
"2022-09-13","ALL","모멘텀(12-1)","A078020","LS증권","-23.6086641102705","OK","407"
"2022-09-13","ALL","모멘텀(12-1)","A078070","유비쿼스홀딩스","-14.4389525712483","OK","408"
"2022-09-13","ALL","모멘텀(12-1)","A078130","국일제지","-49.2599742599743","OK","409"
"2022-09-13","ALL","모멘텀(12-1)","A078160","메디포스트","-17.3459826657297","OK","410"
"2022-09-13","ALL","모멘텀(12-1)","A078340","컴투스","-16.4196638351708","OK","411"
"2022-09-13","ALL","모멘텀(12-1)","A078590","휴림에이텍","0","OK","412"
"2022-09-13","ALL","모멘텀(12-1)","A078600","대주전자재료","6.22315635566115","OK","413"
"2022-09-13","ALL","모멘텀(12-1)","A078930","GS","3.57075382580767","OK","414"
"2022-09-13","ALL","모멘텀(12-1)","A079160","CJ CGV","-30.3853647975752","OK","415"
"2022-09-13","ALL","모멘텀(12-1)","A079370","제우스","4.26741248646695","OK","416"
"2022-09-13","ALL","모멘텀(12-1)","A079550","LIG디펜스앤에어로스페이스","75.3452402872399","OK","417"
"2022-09-13","ALL","모멘텀(12-1)","A080160","모두투어","-36.6660799155078","OK","418"
"2022-09-13","ALL","모멘텀(12-1)","A080420","모다이노칩","-5.03176620076239","OK","419"
"2022-09-13","ALL","모멘텀(12-1)","A080580","오킨스전자","-21.7456359102244","OK","420"
"2022-09-13","ALL","모멘텀(12-1)","A081000","일진다이아","-47.3744649754672","OK","421"
"2022-09-13","ALL","모멘텀(12-1)","A081660","미스토홀딩스","-27.455497382199","OK","422"
"2022-09-13","ALL","모멘텀(12-1)","A082270","젬백스","-31.9542549613185","OK","423"
"2022-09-13","ALL","모멘텀(12-1)","A082640","동양생명","-16.2187020950434","OK","424"
"2022-09-13","ALL","모멘텀(12-1)","A082740","한화엔진","39.284534947716","OK","425"
"2022-09-13","ALL","모멘텀(12-1)","A082920","비츠로셀","-15.2799257655428","OK","426"
"2022-09-13","ALL","모멘텀(12-1)","A083650","비에이치아이","","BLANK","427"
"2022-09-13","ALL","모멘텀(12-1)","A084010","대한제강","-28.1285358678434","OK","428"
"2022-09-13","ALL","모멘텀(12-1)","A084110","휴온스글로벌","-62.2229573271584","OK","429"
"2022-09-13","ALL","모멘텀(12-1)","A084370","유진테크","-36.3364964281906","OK","430"
"2022-09-13","ALL","모멘텀(12-1)","A084690","대상홀딩스","-21.1900358968781","OK","431"
"2022-09-13","ALL","모멘텀(12-1)","A084850","아이티엠반도체","-22.6861816616444","OK","432"
"2022-09-13","ALL","모멘텀(12-1)","A084990","헬릭스미스","-19.6859353664087","OK","433"
"2022-09-13","ALL","모멘텀(12-1)","A085620","미래에셋생명","-33.3967247754887","OK","434"
"2022-09-13","ALL","모멘텀(12-1)","A085660","차바이오텍","-25.7282900212707","OK","435"
"2022-09-13","ALL","모멘텀(12-1)","A086280","현대글로비스","6.44082906173391","OK","436"
"2022-09-13","ALL","모멘텀(12-1)","A086390","유니테스트","-21.3133520657717","OK","437"
"2022-09-13","ALL","모멘텀(12-1)","A086450","동국제약","-18.2574799831437","OK","438"
"2022-09-13","ALL","모멘텀(12-1)","A086520","에코프로","16.5369297610427","OK","439"
"2022-09-13","ALL","모멘텀(12-1)","A086790","하나금융지주","-10.0080710250202","OK","440"
"2022-09-13","ALL","모멘텀(12-1)","A086900","메디톡스","-21.2158808933002","OK","441"
"2022-09-13","ALL","모멘텀(12-1)","A086980","쇼박스","26.1012087686949","OK","442"
"2022-09-13","ALL","모멘텀(12-1)","A088350","한화생명","-29.3625612921835","OK","443"
"2022-09-13","ALL","모멘텀(12-1)","A088800","에이스테크","-55.8988764044944","OK","444"
"2022-09-13","ALL","모멘텀(12-1)","A089010","켐트로닉스","-15.5691332880742","OK","445"
"2022-09-13","ALL","모멘텀(12-1)","A089030","테크윙","-31.3686662783925","OK","446"
"2022-09-13","ALL","모멘텀(12-1)","A089590","제주항공","-29.7781829231237","OK","447"
"2022-09-13","ALL","모멘텀(12-1)","A089600","KT나스미디어","-23.5106576789943","OK","448"
"2022-09-13","ALL","모멘텀(12-1)","A089860","롯데렌탈","-15.1118615449557","OK","449"
"2022-09-13","ALL","모멘텀(12-1)","A089970","브이엠","-7.90598290598291","OK","450"
"2022-09-13","ALL","모멘텀(12-1)","A089980","상아프론테크","-49.1873754849533","OK","451"
"2022-09-13","ALL","모멘텀(12-1)","A090430","아모레퍼시픽","-33.7740760020822","OK","452"
"2022-09-13","ALL","모멘텀(12-1)","A090460","비에이치","36.3396579596699","OK","453"
"2022-09-13","ALL","모멘텀(12-1)","A090710","휴림로봇","233.691965851947","OK","454"
"2022-09-13","ALL","모멘텀(12-1)","A091120","이엠텍","5.68347420577091","OK","455"
"2022-09-13","ALL","모멘텀(12-1)","A091700","파트론","-11.2043946932007","OK","456"
"2022-09-13","ALL","모멘텀(12-1)","A091810","트리니티항공","-41.0188519381487","OK","457"
"2022-09-13","ALL","모멘텀(12-1)","A092040","아미코젠","-27.2323967694233","OK","458"
"2022-09-13","ALL","모멘텀(12-1)","A092220","KEC","20.3435266084194","OK","459"
"2022-09-13","ALL","모멘텀(12-1)","A093050","LF","-5.91666666666667","OK","460"
"2022-09-13","ALL","모멘텀(12-1)","A093320","케이아이엔엑스","17.6840215439856","OK","461"
"2022-09-13","ALL","모멘텀(12-1)","A093370","후성","-15.9445231828305","OK","462"
"2022-09-13","ALL","모멘텀(12-1)","A094820","일진파워","56.0970303491787","OK","463"
"2022-09-13","ALL","모멘텀(12-1)","A095340","ISC","17.1678996461885","OK","464"
"2022-09-13","ALL","모멘텀(12-1)","A095500","미래나노텍","96.6621754042136","OK","465"
"2022-09-13","ALL","모멘텀(12-1)","A095570","AJ네트웍스","34.3096646942801","OK","466"
"2022-09-13","ALL","모멘텀(12-1)","A095610","테스","-23.7058384032447","OK","467"
"2022-09-13","ALL","모멘텀(12-1)","A095660","네오위즈","10.5668967542958","OK","468"
"2022-09-13","ALL","모멘텀(12-1)","A095700","제넥신","-54.6610650618826","OK","469"
"2022-09-13","ALL","모멘텀(12-1)","A095720","웅진씽크빅","-26.1988304093567","OK","470"
"2022-09-13","ALL","모멘텀(12-1)","A096240","크레버스","-14.0615447320155","OK","471"
"2022-09-13","ALL","모멘텀(12-1)","A096530","씨젠","-42.2240605057906","OK","472"
"2022-09-13","ALL","모멘텀(12-1)","A096770","SK이노베이션","-20.0435278267178","OK","473"
"2022-09-13","ALL","모멘텀(12-1)","A097230","HJ중공업","-28.1722400366468","OK","474"
"2022-09-13","ALL","모멘텀(12-1)","A097520","엠씨넥스","-17.578166971097","OK","475"
"2022-09-13","ALL","모멘텀(12-1)","A097950","CJ제일제당","-4.25442291491154","OK","476"
"2022-09-13","ALL","모멘텀(12-1)","A098460","고영","-30.8371416701288","OK","477"
"2022-09-13","ALL","모멘텀(12-1)","A099190","아이센스","19.2971765183831","OK","478"
"2022-09-13","ALL","모멘텀(12-1)","A099320","쎄트렉아이","-34.6567024754788","OK","479"
"2022-09-13","ALL","모멘텀(12-1)","A099430","바이오플러스","-6.70771527194701","OK","480"
"2022-09-13","ALL","모멘텀(12-1)","A100090","SK오션플랜트","30.6363927086664","OK","481"
"2022-09-13","ALL","모멘텀(12-1)","A100120","뷰웍스","8.22925958965209","OK","482"
"2022-09-13","ALL","모멘텀(12-1)","A100130","동국S&C","17.9446723466919","OK","483"
"2022-09-13","ALL","모멘텀(12-1)","A100790","미래에셋벤처투자","-30.9505106048704","OK","484"
"2022-09-13","ALL","모멘텀(12-1)","A101160","월덱스","-11.2426624216496","OK","485"
"2022-09-13","ALL","모멘텀(12-1)","A101360","에코앤드림","-30.7685328010162","OK","486"
"2022-09-13","ALL","모멘텀(12-1)","A101490","에스앤에스텍","-32.7220580566661","OK","487"
"2022-09-13","ALL","모멘텀(12-1)","A101730","위메이드맥스","166.969105317561","OK","488"
"2022-09-13","ALL","모멘텀(12-1)","A102460","이연제약","-51.4934289127837","OK","489"
"2022-09-13","ALL","모멘텀(12-1)","A102710","이엔에프테크놀로지","-11.9503155364119","OK","490"
"2022-09-13","ALL","모멘텀(12-1)","A102940","코오롱생명과학","10.0179059466591","OK","491"
"2022-09-13","ALL","모멘텀(12-1)","A103140","풍산","-23.8165534888298","OK","492"
"2022-09-13","ALL","모멘텀(12-1)","A104460","디와이피엔에프","8.68700924361394","OK","493"
"2022-09-13","ALL","모멘텀(12-1)","A104480","티케이케미칼","-32.6451905626134","OK","494"
"2022-09-13","ALL","모멘텀(12-1)","A104700","한국철강","-30.3377750232414","OK","495"
"2022-09-13","ALL","모멘텀(12-1)","A104830","원익머트리얼즈","-2.09424083769633","OK","496"
"2022-09-13","ALL","모멘텀(12-1)","A105560","KB금융",".773330546556593","OK","497"
"2022-09-13","ALL","모멘텀(12-1)","A105630","한세실업","-28.2157676348548","OK","498"
"2022-09-13","ALL","모멘텀(12-1)","A106240","파인테크닉스","-7.95346377578001","OK","499"
"2022-09-13","ALL","모멘텀(12-1)","A107590","미원홀딩스","6.24676802151205","OK","500"
"2022-09-13","ALL","모멘텀(12-1)","A107600","새빗켐","-40.5787628498425","OK","501"
"2022-09-13","ALL","모멘텀(12-1)","A108230","톱텍","-22.2880534310029","OK","502"
"2022-09-13","ALL","모멘텀(12-1)","A108320","LX세미콘","-13.9530047826991","OK","503"
"2022-09-13","ALL","모멘텀(12-1)","A108670","LX하우시스","-42.3429619440624","OK","504"
"2022-09-13","ALL","모멘텀(12-1)","A110790","크리스에프앤씨","-14.2112804480917","OK","505"
"2022-09-13","ALL","모멘텀(12-1)","A111770","영원무역","-7.24444444444445","OK","506"
"2022-09-13","ALL","모멘텀(12-1)","A112040","위메이드","17.4528854032541","OK","507"
"2022-09-13","ALL","모멘텀(12-1)","A112610","씨에스윈드","-15.2804840529177","OK","508"
"2022-09-13","ALL","모멘텀(12-1)","A114090","GKL","-2.83296891339482","OK","509"
"2022-09-13","ALL","모멘텀(12-1)","A115180","큐리언트","0","OK","510"
"2022-09-13","ALL","모멘텀(12-1)","A115450","HLB테라퓨틱스","-13.3984647592463","OK","511"
"2022-09-13","ALL","모멘텀(12-1)","A117580","대성에너지","56.0734763219367","OK","512"
"2022-09-13","ALL","모멘텀(12-1)","A118990","모트렉스","12.8367081553037","OK","513"
"2022-09-13","ALL","모멘텀(12-1)","A119610","인터로조","9.60087479496994","OK","514"
"2022-09-13","ALL","모멘텀(12-1)","A120110","코오롱인더","-41.5312276397833","OK","515"
"2022-09-13","ALL","모멘텀(12-1)","A121440","골프존홀딩스","-20.3163618388532","OK","516"
"2022-09-13","ALL","모멘텀(12-1)","A121600","나노신소재","101.160031637226","OK","517"
"2022-09-13","ALL","모멘텀(12-1)","A121800","비덴트","2.91262135922329","OK","518"
"2022-09-13","ALL","모멘텀(12-1)","A122450","KX","-22.690046199076","OK","519"
"2022-09-13","ALL","모멘텀(12-1)","A122870","와이지엔터테인먼트","16.8006081668115","OK","520"
"2022-09-13","ALL","모멘텀(12-1)","A122900","아이마켓코리아","-12.8139151914368","OK","521"
"2022-09-13","ALL","모멘텀(12-1)","A123420","위메이드플레이","27.856106157993","OK","522"
"2022-09-13","ALL","모멘텀(12-1)","A123860","아나패스","-1.04506858262575","OK","523"
"2022-09-13","ALL","모멘텀(12-1)","A123890","한국자산신탁","-21.0807478939799","OK","524"
"2022-09-13","ALL","모멘텀(12-1)","A125210","아모그린텍","9.50724637681159","OK","525"
"2022-09-13","ALL","모멘텀(12-1)","A126340","비나텍","-2.96909715209048","OK","526"
"2022-09-13","ALL","모멘텀(12-1)","A126560","현대퓨처넷","-39.5009935968205","OK","527"
"2022-09-13","ALL","모멘텀(12-1)","A126700","하이비젼시스템","-6.16669628576506","OK","528"
"2022-09-13","ALL","모멘텀(12-1)","A126720","수산인더스트리","26.3104711380573","OK","529"
"2022-09-13","ALL","모멘텀(12-1)","A128940","한미약품","6.48581228562522","OK","530"
"2022-09-13","ALL","모멘텀(12-1)","A130660","한전산업","-18.3471074380165","OK","531"
"2022-09-13","ALL","모멘텀(12-1)","A131290","티에스이","-20.6892860965429","OK","532"
"2022-09-13","ALL","모멘텀(12-1)","A131970","두산테스나","-39.6348130330199","OK","533"
"2022-09-13","ALL","모멘텀(12-1)","A136480","하림",".671283963771984","OK","534"
"2022-09-13","ALL","모멘텀(12-1)","A137310","에스디바이오센서","-9.70388869068854","OK","535"
"2022-09-13","ALL","모멘텀(12-1)","A137400","피엔티","63.7295310237273","OK","536"
"2022-09-13","ALL","모멘텀(12-1)","A138040","메리츠금융지주","-23.9178937974119","OK","537"
"2022-09-13","ALL","모멘텀(12-1)","A138930","BNK금융지주","-13.5544635544636","OK","538"
"2022-09-13","ALL","모멘텀(12-1)","A139130","iM금융지주","-17.2568682753578","OK","539"
"2022-09-13","ALL","모멘텀(12-1)","A139480","이마트","-37.9440665154951","OK","540"
"2022-09-13","ALL","모멘텀(12-1)","A139990","아주스틸","-51.8396427052318","OK","541"
"2022-09-13","ALL","모멘텀(12-1)","A140410","메지온","-67.1213597488362","OK","542"
"2022-09-13","ALL","모멘텀(12-1)","A140860","파크시스템스","-20.0165198237885","OK","543"
"2022-09-13","ALL","모멘텀(12-1)","A141080","리가켐바이오","-.104736413359717","OK","544"
"2022-09-13","ALL","모멘텀(12-1)","A143160","아이디스","2.94281573960538","OK","545"
"2022-09-13","ALL","모멘텀(12-1)","A143240","사람인","-29.9931230965714","OK","546"
"2022-09-13","ALL","모멘텀(12-1)","A144510","지씨셀","-34.778073936725","OK","547"
"2022-09-13","ALL","모멘텀(12-1)","A145020","휴젤","-26.7498581962564","OK","548"
"2022-09-13","ALL","모멘텀(12-1)","A145720","덴티움","19.9787798408488","OK","549"
"2022-09-13","ALL","모멘텀(12-1)","A145990","삼양사","-38.8930763432755","OK","550"
"2022-09-13","ALL","모멘텀(12-1)","A151860","KG에코솔루션","-7.18714412248515","OK","551"
"2022-09-13","ALL","모멘텀(12-1)","A161000","애경케미칼","-45.173013114236","OK","552"
"2022-09-13","ALL","모멘텀(12-1)","A161390","한국타이어앤테크놀로지","-11.4598329974086","OK","553"
"2022-09-13","ALL","모멘텀(12-1)","A161890","한국콜마","-20.6253053248657","OK","554"
"2022-09-13","ALL","모멘텀(12-1)","A166090","하나머티리얼즈","-22.8547509418167","OK","555"
"2022-09-13","ALL","모멘텀(12-1)","A170900","동아에스티","-22.5980911983033","OK","556"
"2022-09-13","ALL","모멘텀(12-1)","A174900","앱클론","-33.331128456145","OK","557"
"2022-09-13","ALL","모멘텀(12-1)","A175330","JB금융지주","-7.96630809823424","OK","558"
"2022-09-13","ALL","모멘텀(12-1)","A178320","서진시스템","-15.9483193701423","OK","559"
"2022-09-13","ALL","모멘텀(12-1)","A178920","PI첨단소재","-36.8541905855339","OK","560"
"2022-09-13","ALL","모멘텀(12-1)","A179290","엠아이텍","110.786753445636","OK","561"
"2022-09-13","ALL","모멘텀(12-1)","A179900","유티아이","82.7755655341862","OK","562"
"2022-09-13","ALL","모멘텀(12-1)","A180640","한진칼","-3.80283750182828","OK","563"
"2022-09-13","ALL","모멘텀(12-1)","A181710","NHN","-17.5373134328358","OK","564"
"2022-09-13","ALL","모멘텀(12-1)","A182400","엔케이젠바이오텍코리아","-42.2430677249768","OK","565"
"2022-09-13","ALL","모멘텀(12-1)","A183190","아세아시멘트","-11.2633509547955","OK","566"
"2022-09-13","ALL","모멘텀(12-1)","A183300","코미코","-42.0657368575051","OK","567"
"2022-09-13","ALL","모멘텀(12-1)","A185750","종근당","-23.1519618469543","OK","568"
"2022-09-13","ALL","모멘텀(12-1)","A189300","인텔리안테크","-.144983568528886","OK","569"
"2022-09-13","ALL","모멘텀(12-1)","A192080","더블유게임즈","-29.4106864632023","OK","570"
"2022-09-13","ALL","모멘텀(12-1)","A192400","쿠쿠홀딩스","-27.3718647764449","OK","571"
"2022-09-13","ALL","모멘텀(12-1)","A192650","드림텍","-16.979461756374","OK","572"
"2022-09-13","ALL","모멘텀(12-1)","A192820","코스맥스","-49.1329479768786","OK","573"
"2022-09-13","ALL","모멘텀(12-1)","A194480","데브시스터즈","-61.9995624589805","OK","574"
"2022-09-13","ALL","모멘텀(12-1)","A194700","노바렉스","-25.3952321204517","OK","575"
"2022-09-13","ALL","모멘텀(12-1)","A195870","해성디에스","50.3875085479827","OK","576"
"2022-09-13","ALL","모멘텀(12-1)","A195940","HK이노엔","-29.0436315557514","OK","577"
"2022-09-13","ALL","모멘텀(12-1)","A196170","알테오젠","-6.25375105029408","OK","578"
"2022-09-13","ALL","모멘텀(12-1)","A199800","툴젠","-54.1338582677165","OK","579"
"2022-09-13","ALL","모멘텀(12-1)","A200130","콜마비앤에이치","-27.8297779712669","OK","580"
"2022-09-13","ALL","모멘텀(12-1)","A204270","제이앤티씨","-39.9114679843525","OK","581"
"2022-09-13","ALL","모멘텀(12-1)","A204320","HL만도","-6.61437354250583","OK","582"
"2022-09-13","ALL","모멘텀(12-1)","A205470","휴마시스","28.8568833527962","OK","583"
"2022-09-13","ALL","모멘텀(12-1)","A206560","덱스터","23.0643466074974","OK","584"
"2022-09-13","ALL","모멘텀(12-1)","A206650","유바이오로직스","-56.9234322670054","OK","585"
"2022-09-13","ALL","모멘텀(12-1)","A207940","삼성바이오로직스",".843973165981396","OK","586"
"2022-09-13","ALL","모멘텀(12-1)","A210980","SK디앤디","-25.3884297520661","OK","587"
"2022-09-13","ALL","모멘텀(12-1)","A213420","덕산네오룩스","-52.0162656726533","OK","588"
"2022-09-13","ALL","모멘텀(12-1)","A213500","한솔제지","-9.22447461409708","OK","589"
"2022-09-13","ALL","모멘텀(12-1)","A214150","클래시스","-28.7385220813293","OK","590"
"2022-09-13","ALL","모멘텀(12-1)","A214260","라파스","-21.9955654101996","OK","591"
"2022-09-13","ALL","모멘텀(12-1)","A214320","이노션","-27.2141372141372","OK","592"
"2022-09-13","ALL","모멘텀(12-1)","A214370","케어젠","74.8202748202748","OK","593"
"2022-09-13","ALL","모멘텀(12-1)","A214450","파마리서치","-24.7520573960751","OK","594"
"2022-09-13","ALL","모멘텀(12-1)","A215000","골프존","-1.00533442757489","OK","595"
"2022-09-13","ALL","모멘텀(12-1)","A215200","메가스터디교육","7.45843771350492","OK","596"
"2022-09-13","ALL","모멘텀(12-1)","A215600","신라젠","0","OK","597"
"2022-09-13","ALL","모멘텀(12-1)","A216080","제테마","-55.5185297384631","OK","598"
"2022-09-13","ALL","모멘텀(12-1)","A217270","넵튠","-19.5696721311475","OK","599"
"2022-09-13","ALL","모멘텀(12-1)","A217330","싸이토젠","-.167785234899327","OK","600"
"2022-09-13","ALL","모멘텀(12-1)","A218410","RFHIC","-28.0041888471943","OK","601"
"2022-09-13","ALL","모멘텀(12-1)","A220260","켐트로스","-22.9407979407979","OK","602"
"2022-09-13","ALL","모멘텀(12-1)","A222080","SFA넥셀","10.9684387375495","OK","603"
"2022-09-13","ALL","모멘텀(12-1)","A222800","심텍","29.978835978836","OK","604"
"2022-09-13","ALL","모멘텀(12-1)","A225570","넥슨게임즈","83.1141504471331","OK","605"
"2022-09-13","ALL","모멘텀(12-1)","A226320","잇츠한불","-31.2673450508788","OK","606"
"2022-09-13","ALL","모멘텀(12-1)","A226950","올릭스","-48.3860692291357","OK","607"
"2022-09-13","ALL","모멘텀(12-1)","A228670","레이","-28.3646322378717","OK","608"
"2022-09-13","ALL","모멘텀(12-1)","A230240","에치에프알","64.5945154679418","OK","609"
"2022-09-13","ALL","모멘텀(12-1)","A230360","에코마케팅","-16.2286612758311","OK","610"
"2022-09-13","ALL","모멘텀(12-1)","A232140","와이씨","-29.7214673913043","OK","611"
"2022-09-13","ALL","모멘텀(12-1)","A235980","메드팩토","-50.8493427704752","OK","612"
"2022-09-13","ALL","모멘텀(12-1)","A237690","에스티팜","4.46282917734794","OK","613"
"2022-09-13","ALL","모멘텀(12-1)","A237880","클리오","-29.6937560870036","OK","614"
"2022-09-13","ALL","모멘텀(12-1)","A240810","원익IPS","-30.943355355789","OK","615"
"2022-09-13","ALL","모멘텀(12-1)","A241560","두산밥캣","-20.3118870145155","OK","616"
"2022-09-13","ALL","모멘텀(12-1)","A241590","화승엔터프라이즈","-27.17078495584","OK","617"
"2022-09-13","ALL","모멘텀(12-1)","A243070","휴온스","-27.6635720601238","OK","618"
"2022-09-13","ALL","모멘텀(12-1)","A243840","신흥에스이씨","-31.1507293354943","OK","619"
"2022-09-13","ALL","모멘텀(12-1)","A246710","티앤알바이오팹","-35.3604132425452","OK","620"
"2022-09-13","ALL","모멘텀(12-1)","A247540","에코프로비엠","18.9440314822912","OK","621"
"2022-09-13","ALL","모멘텀(12-1)","A248070","솔루엠","-29.3","OK","622"
"2022-09-13","ALL","모멘텀(12-1)","A249420","일동제약","174.645146520147","OK","623"
"2022-09-13","ALL","모멘텀(12-1)","A251270","넷마블","-43.5407748874986","OK","624"
"2022-09-13","ALL","모멘텀(12-1)","A251370","와이엠티","-22.7344548749884","OK","625"
"2022-09-13","ALL","모멘텀(12-1)","A253450","스튜디오드래곤","-3.48560294436025","OK","626"
"2022-09-13","ALL","모멘텀(12-1)","A256840","한국비엔씨","-69.8168303689939","OK","627"
"2022-09-13","ALL","모멘텀(12-1)","A259960","크래프톤","-41.0812560699255","OK","628"
"2022-09-13","ALL","모멘텀(12-1)","A263050","유틸렉스","-68.1558748277898","OK","629"
"2022-09-13","ALL","모멘텀(12-1)","A263750","펄어비스","-29.7941816742529","OK","630"
"2022-09-13","ALL","모멘텀(12-1)","A265520","AP시스템","-32.5474410580794","OK","631"
"2022-09-13","ALL","모멘텀(12-1)","A267250","HD현대","-9.54808352122342","OK","632"
"2022-09-13","ALL","모멘텀(12-1)","A267260","HD현대일렉트릭","20.4291762894534","OK","633"
"2022-09-13","ALL","모멘텀(12-1)","A267270","HD건설기계","-14.3732178688351","OK","634"
"2022-09-13","ALL","모멘텀(12-1)","A267980","매일유업","-18.7218528844092","OK","635"
"2022-09-13","ALL","모멘텀(12-1)","A268280","미원에스씨","2.37739872068229","OK","636"
"2022-09-13","ALL","모멘텀(12-1)","A271560","오리온","-15.3886832363829","OK","637"
"2022-09-13","ALL","모멘텀(12-1)","A271940","일진하이솔루스","-56.0548584768019","OK","638"
"2022-09-13","ALL","모멘텀(12-1)","A271980","제일약품","-40.8248587570622","OK","639"
"2022-09-13","ALL","모멘텀(12-1)","A272210","한화시스템","-14.806800618238","OK","640"
"2022-09-13","ALL","모멘텀(12-1)","A272290","이녹스첨단소재","-15.2206293055297","OK","641"
"2022-09-13","ALL","모멘텀(12-1)","A272450","진에어","-27.1038344078724","OK","642"
"2022-09-13","ALL","모멘텀(12-1)","A272550","삼양패키징","-37.7899321381546","OK","643"
"2022-09-13","ALL","모멘텀(12-1)","A277810","레인보우로보틱스","50.6020823902218","OK","644"
"2022-09-13","ALL","모멘텀(12-1)","A278280","천보","-8.69965477560415","OK","645"
"2022-09-13","ALL","모멘텀(12-1)","A278650","HLB바이오스텝","106.038075926552","OK","646"
"2022-09-13","ALL","모멘텀(12-1)","A280360","롯데웰푸드","-6.79000387446726","OK","647"
"2022-09-13","ALL","모멘텀(12-1)","A281740","레이크머티리얼즈","-2.07872928176796","OK","648"
"2022-09-13","ALL","모멘텀(12-1)","A281820","케이씨텍","-31.9780105798154","OK","649"
"2022-09-13","ALL","모멘텀(12-1)","A282330","BGF리테일","-6.70175061754912","OK","650"
"2022-09-13","ALL","모멘텀(12-1)","A282880","코윈테크","23.3316455696202","OK","651"
"2022-09-13","ALL","모멘텀(12-1)","A284740","쿠쿠홈시스","-22.7029972752044","OK","652"
"2022-09-13","ALL","모멘텀(12-1)","A285130","SK케미칼","-51.5569530378335","OK","653"
"2022-09-13","ALL","모멘텀(12-1)","A285490","노바텍","3.25005783021048","OK","654"
"2022-09-13","ALL","모멘텀(12-1)","A286940","롯데이노베이트","-24.5943990906273","OK","655"
"2022-09-13","ALL","모멘텀(12-1)","A289220","자이언트스텝","-26.6216643813944","OK","656"
"2022-09-13","ALL","모멘텀(12-1)","A290650","엘앤씨바이오","-23.9303761931499","OK","657"
"2022-09-13","ALL","모멘텀(12-1)","A290670","대보마그네틱","56.0619088564059","OK","658"
"2022-09-13","ALL","모멘텀(12-1)","A291230","엔피","22.5904928041867","OK","659"
"2022-09-13","ALL","모멘텀(12-1)","A293480","하나제약","-20.0911260577132","OK","660"
"2022-09-13","ALL","모멘텀(12-1)","A293490","카카오게임즈","-18.2549575070822","OK","661"
"2022-09-13","ALL","모멘텀(12-1)","A293780","압타바이오","-63.9797639123103","OK","662"
"2022-09-13","ALL","모멘텀(12-1)","A294090","이오플로우","-19.4898409893993","OK","663"
"2022-09-13","ALL","모멘텀(12-1)","A294570","쿠콘","-48.9996646920755","OK","664"
"2022-09-13","ALL","모멘텀(12-1)","A294870","IPARK현대산업개발","-53.4497444633731","OK","665"
"2022-09-13","ALL","모멘텀(12-1)","A297090","씨에스베어링","15.4071127749181","OK","666"
"2022-09-13","ALL","모멘텀(12-1)","A297890","HB솔루션","-43.4217279726262","OK","667"
"2022-09-13","ALL","모멘텀(12-1)","A298000","효성화학","-52.3466104515699","OK","668"
"2022-09-13","ALL","모멘텀(12-1)","A298020","효성티앤씨","-53.3795493934142","OK","669"
"2022-09-13","ALL","모멘텀(12-1)","A298040","효성중공업","-12.9137172374211","OK","670"
"2022-09-13","ALL","모멘텀(12-1)","A298050","HS효성첨단소재","-37.996867045232","OK","671"
"2022-09-13","ALL","모멘텀(12-1)","A298380","에이비엘바이오","30.5480984340045","OK","672"
"2022-09-13","ALL","모멘텀(12-1)","A298540","더네이쳐홀딩스","-7.99847284528013","OK","673"
"2022-09-13","ALL","모멘텀(12-1)","A299030","하나기술","-9.68995200731318","OK","674"
"2022-09-13","ALL","모멘텀(12-1)","A299900","위지윅스튜디오","56.2691443741066","OK","675"
"2022-09-13","ALL","모멘텀(12-1)","A300720","한일시멘트","-29.2680380077268","OK","676"
"2022-09-13","ALL","모멘텀(12-1)","A302440","SK바이오사이언스","-55.2677633881694","OK","677"
"2022-09-13","ALL","모멘텀(12-1)","A306200","세아제강","65.6692553677478","OK","678"
"2022-09-13","ALL","모멘텀(12-1)","A307750","국전","-33.0624065769806","OK","679"
"2022-09-13","ALL","모멘텀(12-1)","A307950","현대오토에버","20.9307406598209","OK","680"
"2022-09-13","ALL","모멘텀(12-1)","A310210","보로노이","8.00302408467437","OK","681"
"2022-09-13","ALL","모멘텀(12-1)","A314130","지놈앤컴퍼니","-54.2221756005455","OK","682"
"2022-09-13","ALL","모멘텀(12-1)","A316140","우리금융지주","12.7259352669189","OK","683"
"2022-09-13","ALL","모멘텀(12-1)","A317330","덕산테코피아","-42.0024028834602","OK","684"
"2022-09-13","ALL","모멘텀(12-1)","A317400","자이에스앤디","-12.9831841013322","OK","685"
"2022-09-13","ALL","모멘텀(12-1)","A319400","현대무벡스","-21.5721731730667","OK","686"
"2022-09-13","ALL","모멘텀(12-1)","A319660","피에스케이","-.143619203939267","OK","687"
"2022-09-13","ALL","모멘텀(12-1)","A321550","티움바이오","-12.8688706456623","OK","688"
"2022-09-13","ALL","모멘텀(12-1)","A322000","HD현대에너지솔루션","111.421060318388","OK","689"
"2022-09-13","ALL","모멘텀(12-1)","A323410","카카오뱅크","-48.9918859109909","OK","690"
"2022-09-13","ALL","모멘텀(12-1)","A323990","박셀바이오",".916511527996562","OK","691"
"2022-09-13","ALL","모멘텀(12-1)","A326030","SK바이오팜","-30.5324646146933","OK","692"
"2022-09-13","ALL","모멘텀(12-1)","A328130","루닛","22.1150323604836","OK","693"
"2022-09-13","ALL","모멘텀(12-1)","A329180","HD현대중공업","7.44600838078865","OK","694"
"2022-09-13","ALL","모멘텀(12-1)","A330860","네패스아크","-41.3278546712803","OK","695"
"2022-09-13","ALL","모멘텀(12-1)","A336260","두산퓨얼셀","-18.3011049723757","OK","696"
"2022-09-13","ALL","모멘텀(12-1)","A336370","솔루스첨단소재","-22.5205912219339","OK","697"
"2022-09-13","ALL","모멘텀(12-1)","A339770","교촌에프앤비","-39.5078004834102","OK","698"
"2022-09-13","ALL","모멘텀(12-1)","A340570","티앤엘","-23.042247615054","OK","699"
"2022-09-13","ALL","모멘텀(12-1)","A344820","KCC글라스","-33.3534743202417","OK","700"
"2022-09-13","ALL","모멘텀(12-1)","A348210","넥스틴","-4.1895314478683","OK","701"
"2022-09-13","ALL","모멘텀(12-1)","A348370","엔켐","-17.450883275549","OK","702"
"2022-09-13","ALL","모멘텀(12-1)","A352820","하이브","-30.6823316764573","OK","703"
"2022-09-13","ALL","모멘텀(12-1)","A353200","대덕전자","59.4875346260388","OK","704"
"2022-09-13","ALL","모멘텀(12-1)","A357780","솔브레인","-17.9640718562874","OK","705"
"2022-09-13","ALL","모멘텀(12-1)","A361610","SK아이이테크놀로지","-60.002292789178","OK","706"
"2022-09-13","ALL","모멘텀(12-1)","A363280","티와이홀딩스","-32.3905888089723","OK","707"
"2022-09-13","ALL","모멘텀(12-1)","A365340","성일하이텍","-40.6845008600747","OK","708"
"2022-09-13","ALL","모멘텀(12-1)","A371950","풍원정밀","-19.6658097686375","OK","709"
"2022-09-13","ALL","모멘텀(12-1)","A373220","LG에너지솔루션","-7.3473547669786","OK","710"
"2022-09-13","ALL","모멘텀(12-1)","A375500","DL이앤씨","-34.396186440678","OK","711"
"2022-09-13","ALL","모멘텀(12-1)","A376300","디어유","-3.66088631984586","OK","712"
"2022-09-13","ALL","모멘텀(12-1)","A377030","비트맥스","-25.6779482867353","OK","713"
"2022-09-13","ALL","모멘텀(12-1)","A377300","카카오페이","14.3249113981937","OK","714"
"2022-09-13","ALL","모멘텀(12-1)","A381970","케이카","17.7301624676242","OK","715"
"2022-09-13","ALL","모멘텀(12-1)","A382840","원준","20.918984280532","OK","716"
"2022-09-13","ALL","모멘텀(12-1)","A382900","범한퓨얼셀","9.87803538072738","OK","717"
"2022-09-13","ALL","모멘텀(12-1)","A383220","F&F","-1.51485148514851","OK","718"
"2022-09-13","ALL","모멘텀(12-1)","A383310","에코프로에이치엔","-40.7306605254894","OK","719"
"2022-09-13","ALL","모멘텀(12-1)","A383800","LX홀딩스","-13.0311316785864","OK","720"
"2022-09-13","ALL","모멘텀(12-1)","A388720","유일로보틱스","-18.5004074979625","OK","721"
"2022-09-13","ALL","모멘텀(12-1)","A389260","대명에너지","-10.0800287743908","OK","722"
"2022-09-13","ALL","모멘텀(12-1)","A399720","가온칩스","15.8614297300429","OK","723"
"2022-09-13","ALL","모멘텀(12-1)","A402340","SK스퀘어","-.348779272546082","OK","724"
"2022-09-13","ALL","모멘텀(12-1)","A403550","쏘카","0","OK","725"
"2022-09-13","ALL","모멘텀(12-1)","A403870","HPSP","-15.8957106812448","OK","726"
"2022-09-13","ALL","모멘텀(12-1)","A900140","엘브이엠씨홀딩스","-3.02691835139061","OK","727"
"2022-09-13","ALL","모멘텀(12-1)","A950130","엑세스바이오","3.85365853658537","OK","728"
"2022-09-13","ALL","모멘텀(12-1)","A950160","코오롱티슈진","0","OK","729"
"2022-09-13","ALL","모멘텀(12-1)","A950210","프레스티지바이오파마","-62.48297537978","OK","730"
"2022-09-13","ALL","모멘텀(12-1)","A950220","네오이뮨텍","-45.2624628590294","OK","731"
