Date,Universe,Factor,StockCode,StockName,FactorValue,ValueStatus,SourceRow
"2023-07-03","ALL","단기모멘텀","A000020","동화약품","2.68","OK","14"
"2023-07-03","ALL","단기모멘텀","A000050","경방","-3.69","OK","15"
"2023-07-03","ALL","단기모멘텀","A000070","삼양홀딩스","-.82","OK","16"
"2023-07-03","ALL","단기모멘텀","A000080","하이트진로","-2.65","OK","17"
"2023-07-03","ALL","단기모멘텀","A000100","유한양행","-1.31","OK","18"
"2023-07-03","ALL","단기모멘텀","A000120","CJ대한통운","-6.06","OK","19"
"2023-07-03","ALL","단기모멘텀","A000150","두산","-8.56","OK","20"
"2023-07-03","ALL","단기모멘텀","A000210","DL","-9.38","OK","21"
"2023-07-03","ALL","단기모멘텀","A000240","한국앤컴퍼니",".08","OK","22"
"2023-07-03","ALL","단기모멘텀","A000250","삼천당제약","-14.81","OK","23"
"2023-07-03","ALL","단기모멘텀","A000270","기아","3.87","OK","24"
"2023-07-03","ALL","단기모멘텀","A000370","한화손해보험","-5.05","OK","25"
"2023-07-03","ALL","단기모멘텀","A000400","롯데손해보험","3.87","OK","26"
"2023-07-03","ALL","단기모멘텀","A000430","대원강업","2.97","OK","27"
"2023-07-03","ALL","단기모멘텀","A000480","CR홀딩스","134.51","OK","28"
"2023-07-03","ALL","단기모멘텀","A000490","대동","1.99","OK","29"
"2023-07-03","ALL","단기모멘텀","A000640","동아쏘시오홀딩스","-6.69","OK","30"
"2023-07-03","ALL","단기모멘텀","A000660","SK하이닉스","6.62","OK","31"
"2023-07-03","ALL","단기모멘텀","A000670","영풍","5.34","OK","32"
"2023-07-03","ALL","단기모멘텀","A000720","현대건설","1.44","OK","33"
"2023-07-03","ALL","단기모멘텀","A000810","삼성화재","1.54","OK","34"
"2023-07-03","ALL","단기모멘텀","A000880","한화","-1.95","OK","35"
"2023-07-03","ALL","단기모멘텀","A000990","DB하이텍","-.95","OK","36"
"2023-07-03","ALL","단기모멘텀","A001040","CJ","-23.38","OK","37"
"2023-07-03","ALL","단기모멘텀","A001060","JW중외제약","3.02","OK","38"
"2023-07-03","ALL","단기모멘텀","A001120","LX인터내셔널","14.36","OK","39"
"2023-07-03","ALL","단기모멘텀","A001200","유진투자증권","5.74","OK","40"
"2023-07-03","ALL","단기모멘텀","A001230","동국홀딩스","78.56","OK","41"
"2023-07-03","ALL","단기모멘텀","A001340","PKC","-9.56","OK","42"
"2023-07-03","ALL","단기모멘텀","A001390","KG케미칼","24.93","OK","43"
"2023-07-03","ALL","단기모멘텀","A001430","세아베스틸지주",".39","OK","44"
"2023-07-03","ALL","단기모멘텀","A001440","대한전선","-.62","OK","45"
"2023-07-03","ALL","단기모멘텀","A001450","현대해상","-5.44","OK","46"
"2023-07-03","ALL","단기모멘텀","A001460","BYC","","BLANK","47"
"2023-07-03","ALL","단기모멘텀","A001470","삼부토건","58.72","OK","48"
"2023-07-03","ALL","단기모멘텀","A001500","현대차증권","-2.76","OK","49"
"2023-07-03","ALL","단기모멘텀","A001510","SK증권","-3.8","OK","50"
"2023-07-03","ALL","단기모멘텀","A001530","DI동일","1.42","OK","51"
"2023-07-03","ALL","단기모멘텀","A001570","금양","15.29","OK","52"
"2023-07-03","ALL","단기모멘텀","A001680","대상","-5.88","OK","53"
"2023-07-03","ALL","단기모멘텀","A001720","신영증권","0","OK","54"
"2023-07-03","ALL","단기모멘텀","A001740","SK네트웍스","10.3","OK","55"
"2023-07-03","ALL","단기모멘텀","A001780","알루코","38.35","OK","56"
"2023-07-03","ALL","단기모멘텀","A001790","대한제당",".86","OK","57"
"2023-07-03","ALL","단기모멘텀","A001800","오리온홀딩스","-3.34","OK","58"
"2023-07-03","ALL","단기모멘텀","A001820","삼화콘덴서","-3.21","OK","59"
"2023-07-03","ALL","단기모멘텀","A001940","KISCO홀딩스","-5.36","OK","60"
"2023-07-03","ALL","단기모멘텀","A002030","아세아","-2.5","OK","61"
"2023-07-03","ALL","단기모멘텀","A002150","도화엔지니어링","9.21","OK","62"
"2023-07-03","ALL","단기모멘텀","A002240","고려제강","2.08","OK","63"
"2023-07-03","ALL","단기모멘텀","A002310","아세아제지","2.22","OK","64"
"2023-07-03","ALL","단기모멘텀","A002320","한진","-.3","OK","65"
"2023-07-03","ALL","단기모멘텀","A002350","넥센타이어",".37","OK","66"
"2023-07-03","ALL","단기모멘텀","A002380","KCC","-4.31","OK","67"
"2023-07-03","ALL","단기모멘텀","A002710","TCC스틸","1.91","OK","68"
"2023-07-03","ALL","단기모멘텀","A002790","아모레퍼시픽홀딩스","-9.45","OK","69"
"2023-07-03","ALL","단기모멘텀","A002840","미원상사",".24","OK","70"
"2023-07-03","ALL","단기모멘텀","A002900","TYM","-11.82","OK","71"
"2023-07-03","ALL","단기모멘텀","A002960","한국쉘석유","-1.53","OK","72"
"2023-07-03","ALL","단기모멘텀","A003000","부광약품","-7.59","OK","73"
"2023-07-03","ALL","단기모멘텀","A003030","세아제강지주","26.3","OK","74"
"2023-07-03","ALL","단기모멘텀","A003060","에이프로젠바이오로직스","-7.23","OK","75"
"2023-07-03","ALL","단기모멘텀","A003070","코오롱글로벌",".85","OK","76"
"2023-07-03","ALL","단기모멘텀","A003090","대웅","-15.47","OK","77"
"2023-07-03","ALL","단기모멘텀","A003120","일성아이에스","-5.63","OK","78"
"2023-07-03","ALL","단기모멘텀","A003220","대원제약","-2.54","OK","79"
"2023-07-03","ALL","단기모멘텀","A003230","삼양식품","0","OK","80"
"2023-07-03","ALL","단기모멘텀","A003240","태광산업","-2","OK","81"
"2023-07-03","ALL","단기모멘텀","A003280","흥아해운","59.32","OK","82"
"2023-07-03","ALL","단기모멘텀","A003300","한일홀딩스","6.68","OK","83"
"2023-07-03","ALL","단기모멘텀","A003380","하림지주","-5.66","OK","84"
"2023-07-03","ALL","단기모멘텀","A003470","유안타증권","-4.59","OK","85"
"2023-07-03","ALL","단기모멘텀","A003490","대한항공","12.64","OK","86"
"2023-07-03","ALL","단기모멘텀","A003520","영진약품","-13.14","OK","87"
"2023-07-03","ALL","단기모멘텀","A003530","한화투자증권","-2.9","OK","88"
"2023-07-03","ALL","단기모멘텀","A003540","대신증권",".96","OK","89"
"2023-07-03","ALL","단기모멘텀","A003550","LG","1.81","OK","90"
"2023-07-03","ALL","단기모멘텀","A003570","SNT다이내믹스","-2.76","OK","91"
"2023-07-03","ALL","단기모멘텀","A003620","KG모빌리티","-20.88","OK","92"
"2023-07-03","ALL","단기모멘텀","A003670","포스코퓨처엠","-1.34","OK","93"
"2023-07-03","ALL","단기모멘텀","A003690","코리안리","-2.62","OK","94"
"2023-07-03","ALL","단기모멘텀","A003800","에이스침대","-7.78","OK","95"
"2023-07-03","ALL","단기모멘텀","A003850","보령","-8.77","OK","96"
"2023-07-03","ALL","단기모멘텀","A003920","남양유업","-1.53","OK","97"
"2023-07-03","ALL","단기모멘텀","A004000","롯데정밀화학","19.12","OK","98"
"2023-07-03","ALL","단기모멘텀","A004020","현대제철","2.39","OK","99"
"2023-07-03","ALL","단기모멘텀","A004170","신세계","-8.43","OK","100"
"2023-07-03","ALL","단기모멘텀","A004370","농심","-9.05","OK","101"
"2023-07-03","ALL","단기모멘텀","A004380","삼익THK","-2.04","OK","102"
"2023-07-03","ALL","단기모멘텀","A004430","송원산업","4.78","OK","103"
"2023-07-03","ALL","단기모멘텀","A004490","세방전지","-1.53","OK","104"
"2023-07-03","ALL","단기모멘텀","A004690","삼천리","-9.4","OK","105"
"2023-07-03","ALL","단기모멘텀","A004700","조광피혁","-.91","OK","106"
"2023-07-03","ALL","단기모멘텀","A004710","한솔테크닉스","8.17","OK","107"
"2023-07-03","ALL","단기모멘텀","A004800","효성","-3.49","OK","108"
"2023-07-03","ALL","단기모멘텀","A004890","동일산업","-51.77","OK","109"
"2023-07-03","ALL","단기모멘텀","A004990","롯데지주","-9.84","OK","110"
"2023-07-03","ALL","단기모멘텀","A005010","휴스틸",".32","OK","111"
"2023-07-03","ALL","단기모멘텀","A005070","코스모신소재","7.71","OK","112"
"2023-07-03","ALL","단기모멘텀","A005090","SGC에너지","-4.93","OK","113"
"2023-07-03","ALL","단기모멘텀","A005160","동국산업","3.07","OK","114"
"2023-07-03","ALL","단기모멘텀","A005180","빙그레","-5.7","OK","115"
"2023-07-03","ALL","단기모멘텀","A005250","녹십자홀딩스","-9.18","OK","116"
"2023-07-03","ALL","단기모멘텀","A005290","동진쎄미켐","10.21","OK","117"
"2023-07-03","ALL","단기모멘텀","A005300","롯데칠성","-10.85","OK","118"
"2023-07-03","ALL","단기모멘텀","A005380","현대차","4.51","OK","119"
"2023-07-03","ALL","단기모멘텀","A005420","코스모화학","-.71","OK","120"
"2023-07-03","ALL","단기모멘텀","A005490","POSCO홀딩스","6.77","OK","121"
"2023-07-03","ALL","단기모멘텀","A005500","삼진제약","-2.43","OK","122"
"2023-07-03","ALL","단기모멘텀","A005610","삼립","-10.78","OK","123"
"2023-07-03","ALL","단기모멘텀","A005690","파미셀","-16.56","OK","124"
"2023-07-03","ALL","단기모멘텀","A005810","풍산홀딩스","3.4","OK","125"
"2023-07-03","ALL","단기모멘텀","A005830","DB손해보험","-2.31","OK","126"
"2023-07-03","ALL","단기모멘텀","A005850","에스엘","1.94","OK","127"
"2023-07-03","ALL","단기모멘텀","A005880","대한해운","9.28","OK","128"
"2023-07-03","ALL","단기모멘텀","A005930","삼성전자","1.11","OK","129"
"2023-07-03","ALL","단기모멘텀","A005940","NH투자증권","-.92","OK","130"
"2023-07-03","ALL","단기모멘텀","A005950","이수화학",".93","OK","131"
"2023-07-03","ALL","단기모멘텀","A006040","동원산업","-13.67","OK","132"
"2023-07-03","ALL","단기모멘텀","A006110","삼아알미늄","16.8","OK","133"
"2023-07-03","ALL","단기모멘텀","A006120","SK디스커버리","-4.56","OK","134"
"2023-07-03","ALL","단기모멘텀","A006220","제주은행","-14.55","OK","135"
"2023-07-03","ALL","단기모멘텀","A006260","LS","12.52","OK","136"
"2023-07-03","ALL","단기모멘텀","A006280","녹십자","-8.81","OK","137"
"2023-07-03","ALL","단기모멘텀","A006360","GS건설","-8.78","OK","138"
"2023-07-03","ALL","단기모멘텀","A006400","삼성SDI",".28","OK","139"
"2023-07-03","ALL","단기모멘텀","A006650","대한유화","4.35","OK","140"
"2023-07-03","ALL","단기모멘텀","A006730","서부T&D","-3.26","OK","141"
"2023-07-03","ALL","단기모멘텀","A006740","블루산업개발","9.43","OK","142"
"2023-07-03","ALL","단기모멘텀","A006800","미래에셋증권","-.54","OK","143"
"2023-07-03","ALL","단기모멘텀","A006840","AK홀딩스","2.64","OK","144"
"2023-07-03","ALL","단기모멘텀","A007070","GS리테일","-6.64","OK","145"
"2023-07-03","ALL","단기모멘텀","A007310","오뚜기","-11.73","OK","146"
"2023-07-03","ALL","단기모멘텀","A007340","DN오토모티브","13.21","OK","147"
"2023-07-03","ALL","단기모멘텀","A007390","네이처셀","-19.96","OK","148"
"2023-07-03","ALL","단기모멘텀","A007460","에이프로젠","-14.76","OK","149"
"2023-07-03","ALL","단기모멘텀","A007570","일양약품","-3.09","OK","150"
"2023-07-03","ALL","단기모멘텀","A007660","이수페타시스","111.88","OK","151"
"2023-07-03","ALL","단기모멘텀","A007690","국도화학","22.32","OK","152"
"2023-07-03","ALL","단기모멘텀","A007700","F&F홀딩스","-1.46","OK","153"
"2023-07-03","ALL","단기모멘텀","A007810","코리아써키트","6.13","OK","154"
"2023-07-03","ALL","단기모멘텀","A008350","남선알미늄","-9.17","OK","155"
"2023-07-03","ALL","단기모멘텀","A008490","서흥","-2.34","OK","156"
"2023-07-03","ALL","단기모멘텀","A008730","율촌화학","-15.19","OK","157"
"2023-07-03","ALL","단기모멘텀","A008770","호텔신라","-4.47","OK","158"
"2023-07-03","ALL","단기모멘텀","A008930","한미사이언스","-10","OK","159"
"2023-07-03","ALL","단기모멘텀","A009150","삼성전기","-2.75","OK","160"
"2023-07-03","ALL","단기모멘텀","A009160","SIMPAC","-12.48","OK","161"
"2023-07-03","ALL","단기모멘텀","A009240","한샘","-3.08","OK","162"
"2023-07-03","ALL","단기모멘텀","A009290","광동제약","4.08","OK","163"
"2023-07-03","ALL","단기모멘텀","A009420","한올바이오파마","-12.03","OK","164"
"2023-07-03","ALL","단기모멘텀","A009450","경동나비엔","33.66","OK","165"
"2023-07-03","ALL","단기모멘텀","A009520","포스코엠텍","-2.01","OK","166"
"2023-07-03","ALL","단기모멘텀","A009540","HD한국조선해양","17.51","OK","167"
"2023-07-03","ALL","단기모멘텀","A009680","모토닉","0","OK","168"
"2023-07-03","ALL","단기모멘텀","A009830","한화솔루션","-9.1","OK","169"
"2023-07-03","ALL","단기모멘텀","A009900","명신산업","11.39","OK","170"
"2023-07-03","ALL","단기모멘텀","A009970","영원무역홀딩스","13.44","OK","171"
"2023-07-03","ALL","단기모멘텀","A010060","OCI홀딩스","36.15","OK","172"
"2023-07-03","ALL","단기모멘텀","A010120","LS ELECTRIC","22.39","OK","173"
"2023-07-03","ALL","단기모멘텀","A010130","고려아연","1.34","OK","174"
"2023-07-03","ALL","단기모멘텀","A010140","삼성중공업","10.19","OK","175"
"2023-07-03","ALL","단기모멘텀","A010580","에스엠벡셀","1.36","OK","176"
"2023-07-03","ALL","단기모멘텀","A010690","화신","9.82","OK","177"
"2023-07-03","ALL","단기모멘텀","A010780","아이에스동서","-9.42","OK","178"
"2023-07-03","ALL","단기모멘텀","A010950","S-Oil","-9.17","OK","179"
"2023-07-03","ALL","단기모멘텀","A011000","진원생명과학","-23.42","OK","180"
"2023-07-03","ALL","단기모멘텀","A011070","LG이노텍",".64","OK","181"
"2023-07-03","ALL","단기모멘텀","A011170","롯데케미칼","-5.71","OK","182"
"2023-07-03","ALL","단기모멘텀","A011200","HMM","8.94","OK","183"
"2023-07-03","ALL","단기모멘텀","A011210","현대위아","10","OK","184"
"2023-07-03","ALL","단기모멘텀","A011500","한농화성","4.89","OK","185"
"2023-07-03","ALL","단기모멘텀","A011760","현대코퍼레이션","23.97","OK","186"
"2023-07-03","ALL","단기모멘텀","A011780","금호석유화학","5.16","OK","187"
"2023-07-03","ALL","단기모멘텀","A011790","SKC","-2.63","OK","188"
"2023-07-03","ALL","단기모멘텀","A011810","STX","28.36","OK","189"
"2023-07-03","ALL","단기모멘텀","A011930","신성이엔지","37.44","OK","190"
"2023-07-03","ALL","단기모멘텀","A012030","DB","-.66","OK","191"
"2023-07-03","ALL","단기모멘텀","A012330","현대모비스","4.04","OK","192"
"2023-07-03","ALL","단기모멘텀","A012450","한화에어로스페이스","17.42","OK","193"
"2023-07-03","ALL","단기모멘텀","A012510","더존비즈온","-.8","OK","194"
"2023-07-03","ALL","단기모멘텀","A012630","HDC","-3.9","OK","195"
"2023-07-03","ALL","단기모멘텀","A012750","에스원","1.12","OK","196"
"2023-07-03","ALL","단기모멘텀","A013030","하이록코리아","9.75","OK","197"
"2023-07-03","ALL","단기모멘텀","A013120","동원개발","2.34","OK","198"
"2023-07-03","ALL","단기모멘텀","A013890","지누스","-6.62","OK","199"
"2023-07-03","ALL","단기모멘텀","A014620","성광벤드","10.84","OK","200"
"2023-07-03","ALL","단기모멘텀","A014680","한솔케미칼","1.47","OK","201"
"2023-07-03","ALL","단기모멘텀","A014820","동원시스템즈","-7.37","OK","202"
"2023-07-03","ALL","단기모멘텀","A014830","유니드","7.18","OK","203"
"2023-07-03","ALL","단기모멘텀","A015590","DKME","9.85","OK","204"
"2023-07-03","ALL","단기모멘텀","A015750","성우하이텍",".2","OK","205"
"2023-07-03","ALL","단기모멘텀","A015760","한국전력","6.83","OK","206"
"2023-07-03","ALL","단기모멘텀","A016360","삼성증권","-1.09","OK","207"
"2023-07-03","ALL","단기모멘텀","A016380","KG스틸",".33","OK","208"
"2023-07-03","ALL","단기모멘텀","A016580","환인제약","-7.1","OK","209"
"2023-07-03","ALL","단기모멘텀","A016790","현대사료","-23.29","OK","210"
"2023-07-03","ALL","단기모멘텀","A016800","퍼시스","2.37","OK","211"
"2023-07-03","ALL","단기모멘텀","A017390","서울가스","-14.67","OK","212"
"2023-07-03","ALL","단기모멘텀","A017670","SK텔레콤","-5.5","OK","213"
"2023-07-03","ALL","단기모멘텀","A017800","현대엘리베이터","-.62","OK","214"
"2023-07-03","ALL","단기모멘텀","A017810","풀무원",".47","OK","215"
"2023-07-03","ALL","단기모멘텀","A017940","E1","-.59","OK","216"
"2023-07-03","ALL","단기모멘텀","A017960","한국카본","2.55","OK","217"
"2023-07-03","ALL","단기모멘텀","A018000","유니슨","24.93","OK","218"
"2023-07-03","ALL","단기모멘텀","A018250","애경산업","12.95","OK","219"
"2023-07-03","ALL","단기모멘텀","A018260","삼성에스디에스","-2.47","OK","220"
"2023-07-03","ALL","단기모멘텀","A018290","브이티","37.25","OK","221"
"2023-07-03","ALL","단기모멘텀","A018470","조일알미늄","5.98","OK","222"
"2023-07-03","ALL","단기모멘텀","A018670","SK가스","-.71","OK","223"
"2023-07-03","ALL","단기모멘텀","A018880","한온시스템","-2.01","OK","224"
"2023-07-03","ALL","단기모멘텀","A019170","신풍제약","-6.27","OK","225"
"2023-07-03","ALL","단기모멘텀","A020000","한섬","-1.48","OK","226"
"2023-07-03","ALL","단기모멘텀","A020120","키다리스튜디오","3.55","OK","227"
"2023-07-03","ALL","단기모멘텀","A020150","롯데에너지머티리얼즈","-15.53","OK","228"
"2023-07-03","ALL","단기모멘텀","A020560","아시아나항공","0","OK","229"
"2023-07-03","ALL","단기모멘텀","A021240","코웨이","-6.14","OK","230"
"2023-07-03","ALL","단기모멘텀","A022100","포스코DX","50.48","OK","231"
"2023-07-03","ALL","단기모멘텀","A023160","태광","2.34","OK","232"
"2023-07-03","ALL","단기모멘텀","A023410","유진기업","-2.1","OK","233"
"2023-07-03","ALL","단기모멘텀","A023530","롯데쇼핑","-12.86","OK","234"
"2023-07-03","ALL","단기모멘텀","A023590","다우기술","-6.75","OK","235"
"2023-07-03","ALL","단기모멘텀","A024110","기업은행","1.56","OK","236"
"2023-07-03","ALL","단기모멘텀","A024720","콜마홀딩스","-3.42","OK","237"
"2023-07-03","ALL","단기모멘텀","A024850","HLB이노베이션","-11.5","OK","238"
"2023-07-03","ALL","단기모멘텀","A025320","시노펙스","6.43","OK","239"
"2023-07-03","ALL","단기모멘텀","A025540","한국단자","0","OK","240"
"2023-07-03","ALL","단기모멘텀","A025770","한국정보통신","-7.35","OK","241"
"2023-07-03","ALL","단기모멘텀","A025860","남해화학","-1.37","OK","242"
"2023-07-03","ALL","단기모멘텀","A025900","동화기업","-14.05","OK","243"
"2023-07-03","ALL","단기모멘텀","A025980","아난티","22.73","OK","244"
"2023-07-03","ALL","단기모멘텀","A026890","스틱인베스트먼트","18.13","OK","245"
"2023-07-03","ALL","단기모멘텀","A026960","동서","-5.4","OK","246"
"2023-07-03","ALL","단기모멘텀","A027360","아주IB투자","-3.51","OK","247"
"2023-07-03","ALL","단기모멘텀","A027410","BGF","-6.1","OK","248"
"2023-07-03","ALL","단기모멘텀","A028050","삼성E&A","3.87","OK","249"
"2023-07-03","ALL","단기모멘텀","A028260","삼성물산","-3.56","OK","250"
"2023-07-03","ALL","단기모멘텀","A028300","HLB","-14.72","OK","251"
"2023-07-03","ALL","단기모멘텀","A028670","팬오션","7.84","OK","252"
"2023-07-03","ALL","단기모멘텀","A029460","케이씨","-2.01","OK","253"
"2023-07-03","ALL","단기모멘텀","A029530","신도리코","-3.31","OK","254"
"2023-07-03","ALL","단기모멘텀","A029780","삼성카드","-1.66","OK","255"
"2023-07-03","ALL","단기모멘텀","A030000","제일기획",".43","OK","256"
"2023-07-03","ALL","단기모멘텀","A030190","NICE평가정보","-3.77","OK","257"
"2023-07-03","ALL","단기모멘텀","A030200","KT","-2.78","OK","258"
"2023-07-03","ALL","단기모멘텀","A030520","한컴","-8.4","OK","259"
"2023-07-03","ALL","단기모멘텀","A030530","원익홀딩스","4.14","OK","260"
"2023-07-03","ALL","단기모멘텀","A030610","교보증권","-1.48","OK","261"
"2023-07-03","ALL","단기모멘텀","A030960","양지사","1.32","OK","262"
"2023-07-03","ALL","단기모멘텀","A031330","에스에이엠티","-2.04","OK","263"
"2023-07-03","ALL","단기모멘텀","A031430","신세계인터내셔날","-4.64","OK","264"
"2023-07-03","ALL","단기모멘텀","A031980","피에스케이홀딩스","129.25","OK","265"
"2023-07-03","ALL","단기모멘텀","A032190","다우데이타","-11.08","OK","266"
"2023-07-03","ALL","단기모멘텀","A032350","롯데관광개발","-4.23","OK","267"
"2023-07-03","ALL","단기모멘텀","A032500","케이엠더블유","-21.56","OK","268"
"2023-07-03","ALL","단기모멘텀","A032620","GC메디아이","-5.1","OK","269"
"2023-07-03","ALL","단기모멘텀","A032640","LG유플러스","-2.62","OK","270"
"2023-07-03","ALL","단기모멘텀","A032830","삼성생명","1.64","OK","271"
"2023-07-03","ALL","단기모멘텀","A033100","제룡전기","22.18","OK","272"
"2023-07-03","ALL","단기모멘텀","A033160","엠케이전자","11.72","OK","273"
"2023-07-03","ALL","단기모멘텀","A033240","자화전자","-5.29","OK","274"
"2023-07-03","ALL","단기모멘텀","A033270","유나이티드제약","6.42","OK","275"
"2023-07-03","ALL","단기모멘텀","A033290","로젠",".11","OK","276"
"2023-07-03","ALL","단기모멘텀","A033500","동성화인텍","3.91","OK","277"
"2023-07-03","ALL","단기모멘텀","A033640","네패스","3.27","OK","278"
"2023-07-03","ALL","단기모멘텀","A033780","KT&G","-.48","OK","279"
"2023-07-03","ALL","단기모멘텀","A034020","두산에너빌리티","10.1","OK","280"
"2023-07-03","ALL","단기모멘텀","A034120","SBS","-6.11","OK","281"
"2023-07-03","ALL","단기모멘텀","A034220","LG디스플레이",".13","OK","282"
"2023-07-03","ALL","단기모멘텀","A034230","파라다이스","1.05","OK","283"
"2023-07-03","ALL","단기모멘텀","A034310","NICE","-2.05","OK","284"
"2023-07-03","ALL","단기모멘텀","A034730","SK","-11.73","OK","285"
"2023-07-03","ALL","단기모멘텀","A034810","해성산업","-3.48","OK","286"
"2023-07-03","ALL","단기모멘텀","A034830","한국토지신탁","-.14","OK","287"
"2023-07-03","ALL","단기모멘텀","A034950","한국기업평가","1.08","OK","288"
"2023-07-03","ALL","단기모멘텀","A035080","그래디언트","-9.77","OK","289"
"2023-07-03","ALL","단기모멘텀","A035250","강원랜드","-3.53","OK","290"
"2023-07-03","ALL","단기모멘텀","A035420","NAVER","-7.43","OK","291"
"2023-07-03","ALL","단기모멘텀","A035600","KG이니시스","-.16","OK","292"
"2023-07-03","ALL","단기모멘텀","A035720","카카오","-10.84","OK","293"
"2023-07-03","ALL","단기모멘텀","A035760","CJ ENM","-16.34","OK","294"
"2023-07-03","ALL","단기모멘텀","A035890","서희건설","4.55","OK","295"
"2023-07-03","ALL","단기모멘텀","A035900","JYP Ent.","1.24","OK","296"
"2023-07-03","ALL","단기모멘텀","A036030","케이티알파","12.84","OK","297"
"2023-07-03","ALL","단기모멘텀","A036200","유니셈","6.24","OK","298"
"2023-07-03","ALL","단기모멘텀","A036220","오상헬스케어","1.9","OK","299"
"2023-07-03","ALL","단기모멘텀","A036420","콘텐트리중앙","-23.62","OK","300"
"2023-07-03","ALL","단기모멘텀","A036460","한국가스공사","-4.46","OK","301"
"2023-07-03","ALL","단기모멘텀","A036530","SNT홀딩스",".67","OK","302"
"2023-07-03","ALL","단기모멘텀","A036540","SFA반도체","-4.06","OK","303"
"2023-07-03","ALL","단기모멘텀","A036570","NC","-6.89","OK","304"
"2023-07-03","ALL","단기모멘텀","A036620","감성코퍼레이션","7.17","OK","305"
"2023-07-03","ALL","단기모멘텀","A036810","에프에스티",".21","OK","306"
"2023-07-03","ALL","단기모멘텀","A036830","솔브레인홀딩스","-4.73","OK","307"
"2023-07-03","ALL","단기모멘텀","A036890","진성티이씨","20.76","OK","308"
"2023-07-03","ALL","단기모멘텀","A036930","주성엔지니어링","14.62","OK","309"
"2023-07-03","ALL","단기모멘텀","A037070","파세코","-4.11","OK","310"
"2023-07-03","ALL","단기모멘텀","A037270","YG PLUS","0","OK","311"
"2023-07-03","ALL","단기모멘텀","A037560","LG헬로비전","1.14","OK","312"
"2023-07-03","ALL","단기모멘텀","A037710","광주신세계","-.89","OK","313"
"2023-07-03","ALL","단기모멘텀","A038290","마크로젠","23.63","OK","314"
"2023-07-03","ALL","단기모멘텀","A038500","삼표시멘트","-6.39","OK","315"
"2023-07-03","ALL","단기모멘텀","A038540","상상인","-11.5","OK","316"
"2023-07-03","ALL","단기모멘텀","A039030","이오테크닉스","24.86","OK","317"
"2023-07-03","ALL","단기모멘텀","A039130","하나투어","-3.6","OK","318"
"2023-07-03","ALL","단기모멘텀","A039200","오스코텍","-8.15","OK","319"
"2023-07-03","ALL","단기모멘텀","A039440","에스티아이","57.73","OK","320"
"2023-07-03","ALL","단기모멘텀","A039490","키움증권","-5.97","OK","321"
"2023-07-03","ALL","단기모멘텀","A039840","디오","12.69","OK","322"
"2023-07-03","ALL","단기모멘텀","A040300","YTN","8.32","OK","323"
"2023-07-03","ALL","단기모멘텀","A041190","우리기술투자",".86","OK","324"
"2023-07-03","ALL","단기모멘텀","A041510","에스엠","4.81","OK","325"
"2023-07-03","ALL","단기모멘텀","A041830","인바디","11.64","OK","326"
"2023-07-03","ALL","단기모멘텀","A041960","코미팜","-10.13","OK","327"
"2023-07-03","ALL","단기모멘텀","A042000","카페24","59.96","OK","328"
"2023-07-03","ALL","단기모멘텀","A042600","새로닉스","-13.73","OK","329"
"2023-07-03","ALL","단기모멘텀","A042660","한화오션","38.83","OK","330"
"2023-07-03","ALL","단기모멘텀","A042700","한미반도체","21.4","OK","331"
"2023-07-03","ALL","단기모멘텀","A043150","바텍","-6.6","OK","332"
"2023-07-03","ALL","단기모멘텀","A044490","태웅","15.77","OK","333"
"2023-07-03","ALL","단기모멘텀","A045100","한양이엔지","8.66","OK","334"
"2023-07-03","ALL","단기모멘텀","A045390","대아티아이","12.19","OK","335"
"2023-07-03","ALL","단기모멘텀","A045970","코아시아","4.41","OK","336"
"2023-07-03","ALL","단기모멘텀","A046440","KG파이낸셜","28.47","OK","337"
"2023-07-03","ALL","단기모멘텀","A046890","서울반도체","1.18","OK","338"
"2023-07-03","ALL","단기모멘텀","A047040","대우건설","-2.46","OK","339"
"2023-07-03","ALL","단기모멘텀","A047050","포스코인터내셔널","29.9","OK","340"
"2023-07-03","ALL","단기모멘텀","A047810","한국항공우주","-.93","OK","341"
"2023-07-03","ALL","단기모멘텀","A047920","HLB제약","-17.58","OK","342"
"2023-07-03","ALL","단기모멘텀","A048410","현대바이오","15.73","OK","343"
"2023-07-03","ALL","단기모멘텀","A049070","인탑스","-3.41","OK","344"
"2023-07-03","ALL","단기모멘텀","A049950","미래컴퍼니","16.47","OK","345"
"2023-07-03","ALL","단기모멘텀","A050890","쏠리드","1.07","OK","346"
"2023-07-03","ALL","단기모멘텀","A051370","인터플렉스","3.11","OK","347"
"2023-07-03","ALL","단기모멘텀","A051500","CJ프레시웨이","-.17","OK","348"
"2023-07-03","ALL","단기모멘텀","A051600","한전KPS","-3.37","OK","349"
"2023-07-03","ALL","단기모멘텀","A051900","LG생활건강","-13.88","OK","350"
"2023-07-03","ALL","단기모멘텀","A051910","LG화학","-4.16","OK","351"
"2023-07-03","ALL","단기모멘텀","A051980","중앙첨단소재","-5.39","OK","352"
"2023-07-03","ALL","단기모멘텀","A052020","에스티큐브","-18.84","OK","353"
"2023-07-03","ALL","단기모멘텀","A052400","코나아이","3.85","OK","354"
"2023-07-03","ALL","단기모멘텀","A052690","한전기술","2.95","OK","355"
"2023-07-03","ALL","단기모멘텀","A053030","바이넥스","-5.07","OK","356"
"2023-07-03","ALL","단기모멘텀","A053210","스카이라이프","-4.13","OK","357"
"2023-07-03","ALL","단기모멘텀","A053610","프로텍","121.34","OK","358"
"2023-07-03","ALL","단기모멘텀","A053690","한미글로벌","1.81","OK","359"
"2023-07-03","ALL","단기모멘텀","A053800","안랩",".63","OK","360"
"2023-07-03","ALL","단기모멘텀","A054210","이랜텍","2.67","OK","361"
"2023-07-03","ALL","단기모멘텀","A054450","텔레칩스","10.3","OK","362"
"2023-07-03","ALL","단기모멘텀","A054950","제이브이엠","17.24","OK","363"
"2023-07-03","ALL","단기모멘텀","A055550","신한지주","-1.29","OK","364"
"2023-07-03","ALL","단기모멘텀","A056190","SFA","-8.63","OK","365"
"2023-07-03","ALL","단기모멘텀","A057050","현대홈쇼핑","-1.07","OK","366"
"2023-07-03","ALL","단기모멘텀","A058430","포스코스틸리온","21.72","OK","367"
"2023-07-03","ALL","단기모멘텀","A058470","리노공업","17.46","OK","368"
"2023-07-03","ALL","단기모멘텀","A058610","에스피지","-14.37","OK","369"
"2023-07-03","ALL","단기모멘텀","A058650","세아홀딩스","-.7","OK","370"
"2023-07-03","ALL","단기모멘텀","A058820","CMG제약","-6.93","OK","371"
"2023-07-03","ALL","단기모멘텀","A058970","엠로","-.39","OK","372"
"2023-07-03","ALL","단기모멘텀","A059090","미코","21.81","OK","373"
"2023-07-03","ALL","단기모멘텀","A060150","인선이엔티",".7","OK","374"
"2023-07-03","ALL","단기모멘텀","A060250","NHN KCP","-9.31","OK","375"
"2023-07-03","ALL","단기모멘텀","A060280","큐렉소","60.64","OK","376"
"2023-07-03","ALL","단기모멘텀","A060720","KH바텍","0","OK","377"
"2023-07-03","ALL","단기모멘텀","A060980","HL홀딩스","3.9","OK","378"
"2023-07-03","ALL","단기모멘텀","A061970","LB세미콘","3.03","OK","379"
"2023-07-03","ALL","단기모멘텀","A063080","컴투스홀딩스","","BLANK","380"
"2023-07-03","ALL","단기모멘텀","A063170","서울옥션","10.51","OK","381"
"2023-07-03","ALL","단기모멘텀","A063570","NICE인프라","","BLANK","382"
"2023-07-03","ALL","단기모멘텀","A064260","다날","-6.73","OK","383"
"2023-07-03","ALL","단기모멘텀","A064290","인텍플러스","70.99","OK","384"
"2023-07-03","ALL","단기모멘텀","A064350","현대로템","13.64","OK","385"
"2023-07-03","ALL","단기모멘텀","A064550","바이오니아","-5.3","OK","386"
"2023-07-03","ALL","단기모멘텀","A064760","티씨케이","7.88","OK","387"
"2023-07-03","ALL","단기모멘텀","A064960","SNT모티브",".57","OK","388"
"2023-07-03","ALL","단기모멘텀","A065350","신성델타테크","-5.91","OK","389"
"2023-07-03","ALL","단기모멘텀","A065510","휴비츠","27.35","OK","390"
"2023-07-03","ALL","단기모멘텀","A066570","LG전자","3.25","OK","391"
"2023-07-03","ALL","단기모멘텀","A066970","엘앤에프","-6.55","OK","392"
"2023-07-03","ALL","단기모멘텀","A067000","조이시티","-5.42","OK","393"
"2023-07-03","ALL","단기모멘텀","A067160","SOOP","-.66","OK","394"
"2023-07-03","ALL","단기모멘텀","A067310","하나마이크론","30.94","OK","395"
"2023-07-03","ALL","단기모멘텀","A067630","HLB생명과학","-11.15","OK","396"
"2023-07-03","ALL","단기모멘텀","A068240","다원시스","-9.24","OK","397"
"2023-07-03","ALL","단기모멘텀","A068270","셀트리온","-12.62","OK","398"
"2023-07-03","ALL","단기모멘텀","A068760","셀트리온제약","-13.68","OK","399"
"2023-07-03","ALL","단기모멘텀","A069080","웹젠","-6.11","OK","400"
"2023-07-03","ALL","단기모멘텀","A069260","TKG휴켐스","-3.92","OK","401"
"2023-07-03","ALL","단기모멘텀","A069620","대웅제약","-15.58","OK","402"
"2023-07-03","ALL","단기모멘텀","A069960","현대백화점","-1.87","OK","403"
"2023-07-03","ALL","단기모멘텀","A071050","한국금융지주","-5.77","OK","404"
"2023-07-03","ALL","단기모멘텀","A071320","지역난방공사",".56","OK","405"
"2023-07-03","ALL","단기모멘텀","A072710","농심홀딩스","-5.91","OK","406"
"2023-07-03","ALL","단기모멘텀","A073240","금호타이어","1.16","OK","407"
"2023-07-03","ALL","단기모멘텀","A073570","리튬포어스","-1.82","OK","408"
"2023-07-03","ALL","단기모멘텀","A073640","테라사이언스","85.97","OK","409"
"2023-07-03","ALL","단기모멘텀","A074600","원익QnC","18.43","OK","410"
"2023-07-03","ALL","단기모멘텀","A074610","이엔플러스","-26.03","OK","411"
"2023-07-03","ALL","단기모멘텀","A075580","세진중공업","-.48","OK","412"
"2023-07-03","ALL","단기모멘텀","A077360","덕산하이메탈","12.9","OK","413"
"2023-07-03","ALL","단기모멘텀","A077500","유니퀘스트","12.9","OK","414"
"2023-07-03","ALL","단기모멘텀","A077970","STX엔진","5.83","OK","415"
"2023-07-03","ALL","단기모멘텀","A078070","유비쿼스홀딩스","4.01","OK","416"
"2023-07-03","ALL","단기모멘텀","A078340","컴투스","-10.33","OK","417"
"2023-07-03","ALL","단기모멘텀","A078350","한양디지텍","27.01","OK","418"
"2023-07-03","ALL","단기모멘텀","A078590","휴림에이텍","0","OK","419"
"2023-07-03","ALL","단기모멘텀","A078600","대주전자재료",".1","OK","420"
"2023-07-03","ALL","단기모멘텀","A078930","GS","-5.68","OK","421"
"2023-07-03","ALL","단기모멘텀","A079160","CJ CGV","-41.83","OK","422"
"2023-07-03","ALL","단기모멘텀","A079370","제우스","19.84","OK","423"
"2023-07-03","ALL","단기모멘텀","A079550","LIG디펜스앤에어로스페이스","1.25","OK","424"
"2023-07-03","ALL","단기모멘텀","A079810","APS이노베이션","-5.45","OK","425"
"2023-07-03","ALL","단기모멘텀","A080160","모두투어","-1.87","OK","426"
"2023-07-03","ALL","단기모멘텀","A080420","모다이노칩","-4.6","OK","427"
"2023-07-03","ALL","단기모멘텀","A080580","오킨스전자","-11.62","OK","428"
"2023-07-03","ALL","단기모멘텀","A081000","일진다이아",".35","OK","429"
"2023-07-03","ALL","단기모멘텀","A081660","미스토홀딩스","7.59","OK","430"
"2023-07-03","ALL","단기모멘텀","A082270","젬백스","-9.74","OK","431"
"2023-07-03","ALL","단기모멘텀","A082640","동양생명","-4.38","OK","432"
"2023-07-03","ALL","단기모멘텀","A082740","한화엔진","14.84","OK","433"
"2023-07-03","ALL","단기모멘텀","A082920","비츠로셀","29.25","OK","434"
"2023-07-03","ALL","단기모멘텀","A083310","엘오티베큠","-.06","OK","435"
"2023-07-03","ALL","단기모멘텀","A083450","GST","8.08","OK","436"
"2023-07-03","ALL","단기모멘텀","A083790","CG인바이츠","-17.12","OK","437"
"2023-07-03","ALL","단기모멘텀","A083930","아바코","29.91","OK","438"
"2023-07-03","ALL","단기모멘텀","A084010","대한제강","4.19","OK","439"
"2023-07-03","ALL","단기모멘텀","A084110","휴온스글로벌","1.46","OK","440"
"2023-07-03","ALL","단기모멘텀","A084370","유진테크","6.97","OK","441"
"2023-07-03","ALL","단기모멘텀","A084650","랩지노믹스","15.45","OK","442"
"2023-07-03","ALL","단기모멘텀","A084690","대상홀딩스","12.62","OK","443"
"2023-07-03","ALL","단기모멘텀","A084850","아이티엠반도체","-10.28","OK","444"
"2023-07-03","ALL","단기모멘텀","A084990","헬릭스미스","-21.07","OK","445"
"2023-07-03","ALL","단기모멘텀","A085620","미래에셋생명","10.9","OK","446"
"2023-07-03","ALL","단기모멘텀","A085660","차바이오텍","-8.7","OK","447"
"2023-07-03","ALL","단기모멘텀","A086280","현대글로비스","16.34","OK","448"
"2023-07-03","ALL","단기모멘텀","A086390","유니테스트","5.22","OK","449"
"2023-07-03","ALL","단기모멘텀","A086450","동국제약","-9.17","OK","450"
"2023-07-03","ALL","단기모멘텀","A086520","에코프로","60.14","OK","451"
"2023-07-03","ALL","단기모멘텀","A086790","하나금융지주","-3.48","OK","452"
"2023-07-03","ALL","단기모멘텀","A086900","메디톡스","-10.29","OK","453"
"2023-07-03","ALL","단기모멘텀","A088350","한화생명",".19","OK","454"
"2023-07-03","ALL","단기모멘텀","A088390","이녹스","-7.34","OK","455"
"2023-07-03","ALL","단기모멘텀","A089010","켐트로닉스","4","OK","456"
"2023-07-03","ALL","단기모멘텀","A089030","테크윙","22.08","OK","457"
"2023-07-03","ALL","단기모멘텀","A089590","제주항공","14.26","OK","458"
"2023-07-03","ALL","단기모멘텀","A089860","롯데렌탈","-2.28","OK","459"
"2023-07-03","ALL","단기모멘텀","A089890","코세스","45.74","OK","460"
"2023-07-03","ALL","단기모멘텀","A089970","브이엠","35.06","OK","461"
"2023-07-03","ALL","단기모멘텀","A089980","상아프론테크","-6.4","OK","462"
"2023-07-03","ALL","단기모멘텀","A090360","로보스타","-7.13","OK","463"
"2023-07-03","ALL","단기모멘텀","A090430","아모레퍼시픽","-6.79","OK","464"
"2023-07-03","ALL","단기모멘텀","A090460","비에이치","5.54","OK","465"
"2023-07-03","ALL","단기모멘텀","A090710","휴림로봇","-11.61","OK","466"
"2023-07-03","ALL","단기모멘텀","A091120","이엠텍","18.99","OK","467"
"2023-07-03","ALL","단기모멘텀","A091580","상신이디피",".2","OK","468"
"2023-07-03","ALL","단기모멘텀","A091700","파트론","-4.36","OK","469"
"2023-07-03","ALL","단기모멘텀","A091810","트리니티항공","12.24","OK","470"
"2023-07-03","ALL","단기모멘텀","A092040","아미코젠","-3.66","OK","471"
"2023-07-03","ALL","단기모멘텀","A092220","KEC","-3.98","OK","472"
"2023-07-03","ALL","단기모멘텀","A093050","LF","1.16","OK","473"
"2023-07-03","ALL","단기모멘텀","A093320","케이아이엔엑스","5.76","OK","474"
"2023-07-03","ALL","단기모멘텀","A093370","후성","-5.59","OK","475"
"2023-07-03","ALL","단기모멘텀","A093640","케이알엠","-.92","OK","476"
"2023-07-03","ALL","단기모멘텀","A094170","동운아나텍","182.53","OK","477"
"2023-07-03","ALL","단기모멘텀","A094360","칩스앤미디어","38.88","OK","478"
"2023-07-03","ALL","단기모멘텀","A095340","ISC","18.18","OK","479"
"2023-07-03","ALL","단기모멘텀","A095500","미래나노텍","-5.26","OK","480"
"2023-07-03","ALL","단기모멘텀","A095610","테스","-.69","OK","481"
"2023-07-03","ALL","단기모멘텀","A095660","네오위즈","-19.59","OK","482"
"2023-07-03","ALL","단기모멘텀","A095700","제넥신","-20.16","OK","483"
"2023-07-03","ALL","단기모멘텀","A095720","웅진씽크빅","-11.15","OK","484"
"2023-07-03","ALL","단기모멘텀","A096250","와이즈넛","50.08","OK","485"
"2023-07-03","ALL","단기모멘텀","A096530","씨젠","-14.29","OK","486"
"2023-07-03","ALL","단기모멘텀","A096610","알에프세미","-15.75","OK","487"
"2023-07-03","ALL","단기모멘텀","A096770","SK이노베이션","-17.42","OK","488"
"2023-07-03","ALL","단기모멘텀","A097230","HJ중공업","10.66","OK","489"
"2023-07-03","ALL","단기모멘텀","A097520","엠씨넥스","-8.17","OK","490"
"2023-07-03","ALL","단기모멘텀","A097950","CJ제일제당","-12.64","OK","491"
"2023-07-03","ALL","단기모멘텀","A098460","고영","16.51","OK","492"
"2023-07-03","ALL","단기모멘텀","A099190","아이센스","37.97","OK","493"
"2023-07-03","ALL","단기모멘텀","A099320","쎄트렉아이","-6.64","OK","494"
"2023-07-03","ALL","단기모멘텀","A099430","바이오플러스","7.76","OK","495"
"2023-07-03","ALL","단기모멘텀","A100090","SK오션플랜트","4.86","OK","496"
"2023-07-03","ALL","단기모멘텀","A100120","뷰웍스","8.12","OK","497"
"2023-07-03","ALL","단기모멘텀","A100790","미래에셋벤처투자","3.26","OK","498"
"2023-07-03","ALL","단기모멘텀","A101160","월덱스",".55","OK","499"
"2023-07-03","ALL","단기모멘텀","A101360","에코앤드림","10.44","OK","500"
"2023-07-03","ALL","단기모멘텀","A101490","에스앤에스텍","2.21","OK","501"
"2023-07-03","ALL","단기모멘텀","A101670","하이드로리튬","-11.45","OK","502"
"2023-07-03","ALL","단기모멘텀","A101730","위메이드맥스","-11.88","OK","503"
"2023-07-03","ALL","단기모멘텀","A102460","이연제약","-6.71","OK","504"
"2023-07-03","ALL","단기모멘텀","A102710","이엔에프테크놀로지","16.92","OK","505"
"2023-07-03","ALL","단기모멘텀","A102940","코오롱생명과학","-3.99","OK","506"
"2023-07-03","ALL","단기모멘텀","A103140","풍산","7.82","OK","507"
"2023-07-03","ALL","단기모멘텀","A103590","일진전기","37.39","OK","508"
"2023-07-03","ALL","단기모멘텀","A104700","한국철강",".46","OK","509"
"2023-07-03","ALL","단기모멘텀","A104830","원익머트리얼즈","14.84","OK","510"
"2023-07-03","ALL","단기모멘텀","A105560","KB금융","2.53","OK","511"
"2023-07-03","ALL","단기모멘텀","A105630","한세실업","32.97","OK","512"
"2023-07-03","ALL","단기모멘텀","A107600","새빗켐","-3.56","OK","513"
"2023-07-03","ALL","단기모멘텀","A108230","톱텍","-3.44","OK","514"
"2023-07-03","ALL","단기모멘텀","A108320","LX세미콘","-.26","OK","515"
"2023-07-03","ALL","단기모멘텀","A108490","로보티즈","-11.21","OK","516"
"2023-07-03","ALL","단기모멘텀","A108670","LX하우시스","5.42","OK","517"
"2023-07-03","ALL","단기모멘텀","A108860","셀바스AI","-12.17","OK","518"
"2023-07-03","ALL","단기모멘텀","A111770","영원무역","38.48","OK","519"
"2023-07-03","ALL","단기모멘텀","A112040","위메이드","-9.4","OK","520"
"2023-07-03","ALL","단기모멘텀","A112610","씨에스윈드","2.56","OK","521"
"2023-07-03","ALL","단기모멘텀","A114090","GKL","-17.71","OK","522"
"2023-07-03","ALL","단기모멘텀","A114190","강원에너지","-1.41","OK","523"
"2023-07-03","ALL","단기모멘텀","A114810","한솔아이원스","11.82","OK","524"
"2023-07-03","ALL","단기모멘텀","A115450","HLB테라퓨틱스","-11.15","OK","525"
"2023-07-03","ALL","단기모멘텀","A117730","티로보틱스","22.35","OK","526"
"2023-07-03","ALL","단기모멘텀","A118990","모트렉스","-6.46","OK","527"
"2023-07-03","ALL","단기모멘텀","A119610","인터로조",".43","OK","528"
"2023-07-03","ALL","단기모멘텀","A120110","코오롱인더","17.26","OK","529"
"2023-07-03","ALL","단기모멘텀","A121600","나노신소재","-12.19","OK","530"
"2023-07-03","ALL","단기모멘텀","A122870","와이지엔터테인먼트","-16.16","OK","531"
"2023-07-03","ALL","단기모멘텀","A122900","아이마켓코리아","-.6","OK","532"
"2023-07-03","ALL","단기모멘텀","A123890","한국자산신탁","3.4","OK","533"
"2023-07-03","ALL","단기모멘텀","A125210","아모그린텍","3.4","OK","534"
"2023-07-03","ALL","단기모멘텀","A126340","비나텍","8.92","OK","535"
"2023-07-03","ALL","단기모멘텀","A126560","현대퓨처넷","-10.36","OK","536"
"2023-07-03","ALL","단기모멘텀","A126600","BGF에코머티리얼즈","","BLANK","537"
"2023-07-03","ALL","단기모멘텀","A126700","하이비젼시스템","0","OK","538"
"2023-07-03","ALL","단기모멘텀","A126720","수산인더스트리","1.12","OK","539"
"2023-07-03","ALL","단기모멘텀","A128940","한미약품","1.14","OK","540"
"2023-07-03","ALL","단기모멘텀","A131290","티에스이","27.88","OK","541"
"2023-07-03","ALL","단기모멘텀","A131400","이브이첨단소재","-18.36","OK","542"
"2023-07-03","ALL","단기모멘텀","A131970","두산테스나","12.57","OK","543"
"2023-07-03","ALL","단기모멘텀","A136480","하림","2.13","OK","544"
"2023-07-03","ALL","단기모멘텀","A137310","에스디바이오센서","-21.62","OK","545"
"2023-07-03","ALL","단기모멘텀","A137400","피엔티","5.57","OK","546"
"2023-07-03","ALL","단기모멘텀","A138040","메리츠금융지주","-9.61","OK","547"
"2023-07-03","ALL","단기모멘텀","A138930","BNK금융지주","3.69","OK","548"
"2023-07-03","ALL","단기모멘텀","A139130","iM금융지주","6.09","OK","549"
"2023-07-03","ALL","단기모멘텀","A139480","이마트","-6.82","OK","550"
"2023-07-03","ALL","단기모멘텀","A139990","아주스틸","6.47","OK","551"
"2023-07-03","ALL","단기모멘텀","A140410","메지온","49.63","OK","552"
"2023-07-03","ALL","단기모멘텀","A140860","파크시스템스","13.79","OK","553"
"2023-07-03","ALL","단기모멘텀","A141080","리가켐바이오","-15.06","OK","554"
"2023-07-03","ALL","단기모멘텀","A144510","지씨셀","-14.16","OK","555"
"2023-07-03","ALL","단기모멘텀","A144960","뉴파워프라즈마","12.99","OK","556"
"2023-07-03","ALL","단기모멘텀","A145020","휴젤","3.64","OK","557"
"2023-07-03","ALL","단기모멘텀","A145720","덴티움","-15.95","OK","558"
"2023-07-03","ALL","단기모멘텀","A145990","삼양사","-1.14","OK","559"
"2023-07-03","ALL","단기모멘텀","A146320","비씨엔씨","15.21","OK","560"
"2023-07-03","ALL","단기모멘텀","A151860","KG에코솔루션","-8.06","OK","561"
"2023-07-03","ALL","단기모멘텀","A161000","애경케미칼","19.8","OK","562"
"2023-07-03","ALL","단기모멘텀","A161390","한국타이어앤테크놀로지",".71","OK","563"
"2023-07-03","ALL","단기모멘텀","A161890","한국콜마","9.77","OK","564"
"2023-07-03","ALL","단기모멘텀","A166090","하나머티리얼즈","12.6","OK","565"
"2023-07-03","ALL","단기모멘텀","A166480","코아스템켐온","-4.85","OK","566"
"2023-07-03","ALL","단기모멘텀","A170900","동아에스티","2.32","OK","567"
"2023-07-03","ALL","단기모멘텀","A171090","선익시스템","-20.11","OK","568"
"2023-07-03","ALL","단기모멘텀","A174900","앱클론","-24.51","OK","569"
"2023-07-03","ALL","단기모멘텀","A175330","JB금융지주","1.05","OK","570"
"2023-07-03","ALL","단기모멘텀","A178320","서진시스템","13.69","OK","571"
"2023-07-03","ALL","단기모멘텀","A178920","PI첨단소재","9.9","OK","572"
"2023-07-03","ALL","단기모멘텀","A179290","엠아이텍","2.56","OK","573"
"2023-07-03","ALL","단기모멘텀","A179900","유티아이","-12.65","OK","574"
"2023-07-03","ALL","단기모멘텀","A180640","한진칼","1.06","OK","575"
"2023-07-03","ALL","단기모멘텀","A181710","NHN","-10.02","OK","576"
"2023-07-03","ALL","단기모멘텀","A182360","큐브엔터","17.02","OK","577"
"2023-07-03","ALL","단기모멘텀","A182400","엔케이젠바이오텍코리아","5.65","OK","578"
"2023-07-03","ALL","단기모멘텀","A183190","아세아시멘트","-13.71","OK","579"
"2023-07-03","ALL","단기모멘텀","A183300","코미코","13.65","OK","580"
"2023-07-03","ALL","단기모멘텀","A185750","종근당","-7.79","OK","581"
"2023-07-03","ALL","단기모멘텀","A189300","인텔리안테크","8.37","OK","582"
"2023-07-03","ALL","단기모멘텀","A192080","더블유게임즈","-3.92","OK","583"
"2023-07-03","ALL","단기모멘텀","A192400","쿠쿠홀딩스","8.57","OK","584"
"2023-07-03","ALL","단기모멘텀","A192650","드림텍","3.76","OK","585"
"2023-07-03","ALL","단기모멘텀","A192820","코스맥스","8.18","OK","586"
"2023-07-03","ALL","단기모멘텀","A194480","데브시스터즈","-9.71","OK","587"
"2023-07-03","ALL","단기모멘텀","A195870","해성디에스","22.09","OK","588"
"2023-07-03","ALL","단기모멘텀","A195940","HK이노엔","-9.52","OK","589"
"2023-07-03","ALL","단기모멘텀","A196170","알테오젠","-16.89","OK","590"
"2023-07-03","ALL","단기모멘텀","A199800","툴젠","-20.6","OK","591"
"2023-07-03","ALL","단기모멘텀","A200130","콜마비앤에이치","-10.49","OK","592"
"2023-07-03","ALL","단기모멘텀","A200670","휴메딕스","13.25","OK","593"
"2023-07-03","ALL","단기모멘텀","A200710","에이디테크놀로지","17.6","OK","594"
"2023-07-03","ALL","단기모멘텀","A200880","서연이화","-2.68","OK","595"
"2023-07-03","ALL","단기모멘텀","A204270","제이앤티씨","-5.01","OK","596"
"2023-07-03","ALL","단기모멘텀","A204320","HL만도","11.62","OK","597"
"2023-07-03","ALL","단기모멘텀","A205470","휴마시스","-8.81","OK","598"
"2023-07-03","ALL","단기모멘텀","A206560","덱스터","2.1","OK","599"
"2023-07-03","ALL","단기모멘텀","A206640","바디텍메드","9.17","OK","600"
"2023-07-03","ALL","단기모멘텀","A206650","유바이오로직스","-4.29","OK","601"
"2023-07-03","ALL","단기모멘텀","A207940","삼성바이오로직스","-5.35","OK","602"
"2023-07-03","ALL","단기모멘텀","A210980","SK디앤디","4.43","OK","603"
"2023-07-03","ALL","단기모멘텀","A213420","덕산네오룩스","1","OK","604"
"2023-07-03","ALL","단기모멘텀","A213500","한솔제지","-.8","OK","605"
"2023-07-03","ALL","단기모멘텀","A214150","클래시스","13.01","OK","606"
"2023-07-03","ALL","단기모멘텀","A214320","이노션","1.41","OK","607"
"2023-07-03","ALL","단기모멘텀","A214370","케어젠","20.97","OK","608"
"2023-07-03","ALL","단기모멘텀","A214450","파마리서치","8.57","OK","609"
"2023-07-03","ALL","단기모멘텀","A215000","골프존","-.92","OK","610"
"2023-07-03","ALL","단기모멘텀","A215200","메가스터디교육","-14.04","OK","611"
"2023-07-03","ALL","단기모멘텀","A215600","신라젠","-16.12","OK","612"
"2023-07-03","ALL","단기모멘텀","A216080","제테마","-1.23","OK","613"
"2023-07-03","ALL","단기모멘텀","A217270","넵튠","-12.28","OK","614"
"2023-07-03","ALL","단기모멘텀","A217330","싸이토젠","-2.61","OK","615"
"2023-07-03","ALL","단기모멘텀","A217820","원익피앤이","-2.11","OK","616"
"2023-07-03","ALL","단기모멘텀","A218410","RFHIC","-3.08","OK","617"
"2023-07-03","ALL","단기모멘텀","A222080","SFA넥셀","18.69","OK","618"
"2023-07-03","ALL","단기모멘텀","A222800","심텍","13.27","OK","619"
"2023-07-03","ALL","단기모멘텀","A225570","넥슨게임즈","11.79","OK","620"
"2023-07-03","ALL","단기모멘텀","A226320","잇츠한불","-.59","OK","621"
"2023-07-03","ALL","단기모멘텀","A228670","레이","-3.95","OK","622"
"2023-07-03","ALL","단기모멘텀","A228760","지노믹트리","11.69","OK","623"
"2023-07-03","ALL","단기모멘텀","A230240","에치에프알","-2.56","OK","624"
"2023-07-03","ALL","단기모멘텀","A230360","에코마케팅","-5.86","OK","625"
"2023-07-03","ALL","단기모멘텀","A232140","와이씨","6.15","OK","626"
"2023-07-03","ALL","단기모멘텀","A235980","메드팩토","-16.83","OK","627"
"2023-07-03","ALL","단기모멘텀","A237690","에스티팜","-10.86","OK","628"
"2023-07-03","ALL","단기모멘텀","A237880","클리오","-7.14","OK","629"
"2023-07-03","ALL","단기모멘텀","A240810","원익IPS","2.15","OK","630"
"2023-07-03","ALL","단기모멘텀","A241560","두산밥캣","4.8","OK","631"
"2023-07-03","ALL","단기모멘텀","A241590","화승엔터프라이즈","25.03","OK","632"
"2023-07-03","ALL","단기모멘텀","A243070","휴온스","1.44","OK","633"
"2023-07-03","ALL","단기모멘텀","A243840","신흥에스이씨","4.63","OK","634"
"2023-07-03","ALL","단기모멘텀","A246710","티앤알바이오팹","-5.14","OK","635"
"2023-07-03","ALL","단기모멘텀","A247540","에코프로비엠","3.33","OK","636"
"2023-07-03","ALL","단기모멘텀","A248070","솔루엠","14.03","OK","637"
"2023-07-03","ALL","단기모멘텀","A249420","일동제약","-18.49","OK","638"
"2023-07-03","ALL","단기모멘텀","A251270","넷마블","-10.8","OK","639"
"2023-07-03","ALL","단기모멘텀","A251970","펌텍코리아","1.44","OK","640"
"2023-07-03","ALL","단기모멘텀","A252990","샘씨엔에스","23.19","OK","641"
"2023-07-03","ALL","단기모멘텀","A253450","스튜디오드래곤","-17.34","OK","642"
"2023-07-03","ALL","단기모멘텀","A254490","미래반도체","-5.36","OK","643"
"2023-07-03","ALL","단기모멘텀","A257720","실리콘투","30.94","OK","644"
"2023-07-03","ALL","단기모멘텀","A259960","크래프톤","2.91","OK","645"
"2023-07-03","ALL","단기모멘텀","A263750","펄어비스","4.13","OK","646"
"2023-07-03","ALL","단기모멘텀","A265520","AP시스템","-1.16","OK","647"
"2023-07-03","ALL","단기모멘텀","A267250","HD현대","2.56","OK","648"
"2023-07-03","ALL","단기모멘텀","A267260","HD현대일렉트릭","23.47","OK","649"
"2023-07-03","ALL","단기모멘텀","A267270","HD건설기계","44.54","OK","650"
"2023-07-03","ALL","단기모멘텀","A267980","매일유업","-8.27","OK","651"
"2023-07-03","ALL","단기모멘텀","A268280","미원에스씨","9.6","OK","652"
"2023-07-03","ALL","단기모멘텀","A270520","앱튼","-9.5","OK","653"
"2023-07-03","ALL","단기모멘텀","A271560","오리온","-1.93","OK","654"
"2023-07-03","ALL","단기모멘텀","A271940","일진하이솔루스","4.85","OK","655"
"2023-07-03","ALL","단기모멘텀","A271980","제일약품","-7.78","OK","656"
"2023-07-03","ALL","단기모멘텀","A272210","한화시스템","1.39","OK","657"
"2023-07-03","ALL","단기모멘텀","A272290","이녹스첨단소재","-2.61","OK","658"
"2023-07-03","ALL","단기모멘텀","A272450","진에어","11.6","OK","659"
"2023-07-03","ALL","단기모멘텀","A272550","삼양패키징","3.46","OK","660"
"2023-07-03","ALL","단기모멘텀","A273640","와이엠텍","2.41","OK","661"
"2023-07-03","ALL","단기모멘텀","A277810","레인보우로보틱스","-9.73","OK","662"
"2023-07-03","ALL","단기모멘텀","A277880","티에스아이","13.55","OK","663"
"2023-07-03","ALL","단기모멘텀","A278280","천보","3.06","OK","664"
"2023-07-03","ALL","단기모멘텀","A278650","HLB바이오스텝","-13.7","OK","665"
"2023-07-03","ALL","단기모멘텀","A280360","롯데웰푸드","-6.24","OK","666"
"2023-07-03","ALL","단기모멘텀","A281740","레이크머티리얼즈","36.88","OK","667"
"2023-07-03","ALL","단기모멘텀","A281820","케이씨텍","12.23","OK","668"
"2023-07-03","ALL","단기모멘텀","A282330","BGF리테일","-4.76","OK","669"
"2023-07-03","ALL","단기모멘텀","A282880","코윈테크","7.39","OK","670"
"2023-07-03","ALL","단기모멘텀","A284740","쿠쿠홈시스","-4.58","OK","671"
"2023-07-03","ALL","단기모멘텀","A285130","SK케미칼","-4.99","OK","672"
"2023-07-03","ALL","단기모멘텀","A285490","노바텍","23.1","OK","673"
"2023-07-03","ALL","단기모멘텀","A286940","롯데이노베이트","-9.17","OK","674"
"2023-07-03","ALL","단기모멘텀","A289220","자이언트스텝","-11.36","OK","675"
"2023-07-03","ALL","단기모멘텀","A290650","엘앤씨바이오","-.58","OK","676"
"2023-07-03","ALL","단기모멘텀","A290670","대보마그네틱","-9.16","OK","677"
"2023-07-03","ALL","단기모멘텀","A293490","카카오게임즈","-15.65","OK","678"
"2023-07-03","ALL","단기모멘텀","A294090","이오플로우",".35","OK","679"
"2023-07-03","ALL","단기모멘텀","A294570","쿠콘","-12.68","OK","680"
"2023-07-03","ALL","단기모멘텀","A294870","IPARK현대산업개발","-7.83","OK","681"
"2023-07-03","ALL","단기모멘텀","A297090","씨에스베어링","15.08","OK","682"
"2023-07-03","ALL","단기모멘텀","A297890","HB솔루션","14.46","OK","683"
"2023-07-03","ALL","단기모멘텀","A298000","효성화학","-9.38","OK","684"
"2023-07-03","ALL","단기모멘텀","A298020","효성티앤씨","-1.81","OK","685"
"2023-07-03","ALL","단기모멘텀","A298040","효성중공업","31.6","OK","686"
"2023-07-03","ALL","단기모멘텀","A298050","HS효성첨단소재","3.57","OK","687"
"2023-07-03","ALL","단기모멘텀","A298380","에이비엘바이오","-19.22","OK","688"
"2023-07-03","ALL","단기모멘텀","A298540","더네이쳐홀딩스","-7.87","OK","689"
"2023-07-03","ALL","단기모멘텀","A298690","에어부산","12.11","OK","690"
"2023-07-03","ALL","단기모멘텀","A298830","슈어소프트테크","-15","OK","691"
"2023-07-03","ALL","단기모멘텀","A299030","하나기술","39.7","OK","692"
"2023-07-03","ALL","단기모멘텀","A299900","위지윅스튜디오","-9.7","OK","693"
"2023-07-03","ALL","단기모멘텀","A300720","한일시멘트","-3.26","OK","694"
"2023-07-03","ALL","단기모멘텀","A302440","SK바이오사이언스","-4.02","OK","695"
"2023-07-03","ALL","단기모멘텀","A304100","솔트룩스","-13.93","OK","696"
"2023-07-03","ALL","단기모멘텀","A306200","세아제강","9.95","OK","697"
"2023-07-03","ALL","단기모멘텀","A307750","국전","-8.9","OK","698"
"2023-07-03","ALL","단기모멘텀","A307950","현대오토에버","13.54","OK","699"
"2023-07-03","ALL","단기모멘텀","A310210","보로노이","10.55","OK","700"
"2023-07-03","ALL","단기모멘텀","A316140","우리금융지주",".34","OK","701"
"2023-07-03","ALL","단기모멘텀","A317330","덕산테코피아","-3.48","OK","702"
"2023-07-03","ALL","단기모멘텀","A319400","현대무벡스","3.61","OK","703"
"2023-07-03","ALL","단기모멘텀","A319660","피에스케이","6.57","OK","704"
"2023-07-03","ALL","단기모멘텀","A322000","HD현대에너지솔루션","-5.8","OK","705"
"2023-07-03","ALL","단기모멘텀","A322510","제이엘케이","","BLANK","706"
"2023-07-03","ALL","단기모멘텀","A323410","카카오뱅크","-7.72","OK","707"
"2023-07-03","ALL","단기모멘텀","A323990","박셀바이오","-11.99","OK","708"
"2023-07-03","ALL","단기모멘텀","A326030","SK바이오팜","9.43","OK","709"
"2023-07-03","ALL","단기모멘텀","A328130","루닛","53.09","OK","710"
"2023-07-03","ALL","단기모멘텀","A329180","HD현대중공업","12.1","OK","711"
"2023-07-03","ALL","단기모멘텀","A330860","네패스아크","11.59","OK","712"
"2023-07-03","ALL","단기모멘텀","A334970","프레스티지바이오로직스","6.13","OK","713"
"2023-07-03","ALL","단기모멘텀","A336260","두산퓨얼셀","-6.62","OK","714"
"2023-07-03","ALL","단기모멘텀","A336370","솔루스첨단소재","-4.91","OK","715"
"2023-07-03","ALL","단기모멘텀","A336570","원텍","21.69","OK","716"
"2023-07-03","ALL","단기모멘텀","A338220","뷰노","20.08","OK","717"
"2023-07-03","ALL","단기모멘텀","A340570","티앤엘","-7.37","OK","718"
"2023-07-03","ALL","단기모멘텀","A344820","KCC글라스","1.27","OK","719"
"2023-07-03","ALL","단기모멘텀","A348210","넥스틴","1.72","OK","720"
"2023-07-03","ALL","단기모멘텀","A348340","뉴로메카","-13.08","OK","721"
"2023-07-03","ALL","단기모멘텀","A348370","엔켐","-2.34","OK","722"
"2023-07-03","ALL","단기모멘텀","A352480","씨앤씨인터내셔널","6.71","OK","723"
"2023-07-03","ALL","단기모멘텀","A352820","하이브","3.52","OK","724"
"2023-07-03","ALL","단기모멘텀","A353200","대덕전자","22.03","OK","725"
"2023-07-03","ALL","단기모멘텀","A356860","티엘비","34.41","OK","726"
"2023-07-03","ALL","단기모멘텀","A357550","석경에이티","26.56","OK","727"
"2023-07-03","ALL","단기모멘텀","A357780","솔브레인","10","OK","728"
"2023-07-03","ALL","단기모멘텀","A358570","지아이이노베이션","-23.82","OK","729"
"2023-07-03","ALL","단기모멘텀","A360070","탑머티리얼","8.8","OK","730"
"2023-07-03","ALL","단기모멘텀","A361610","SK아이이테크놀로지","-2.05","OK","731"
"2023-07-03","ALL","단기모멘텀","A363280","티와이홀딩스","-19.12","OK","732"
"2023-07-03","ALL","단기모멘텀","A365340","성일하이텍","-4.94","OK","733"
"2023-07-03","ALL","단기모멘텀","A365590","하이딥","-8.37","OK","734"
"2023-07-03","ALL","단기모멘텀","A372170","윤성에프앤씨","12.01","OK","735"
"2023-07-03","ALL","단기모멘텀","A373220","LG에너지솔루션","-2.55","OK","736"
"2023-07-03","ALL","단기모멘텀","A375500","DL이앤씨","-4.22","OK","737"
"2023-07-03","ALL","단기모멘텀","A376300","디어유","7.44","OK","738"
"2023-07-03","ALL","단기모멘텀","A377300","카카오페이","-16.29","OK","739"
"2023-07-03","ALL","단기모멘텀","A377740","바이오노트","-8.95","OK","740"
"2023-07-03","ALL","단기모멘텀","A381970","케이카","8.95","OK","741"
"2023-07-03","ALL","단기모멘텀","A382840","원준","-2.88","OK","742"
"2023-07-03","ALL","단기모멘텀","A382900","범한퓨얼셀","","BLANK","743"
"2023-07-03","ALL","단기모멘텀","A383220","F&F","-9.49","OK","744"
"2023-07-03","ALL","단기모멘텀","A383310","에코프로에이치엔","2.05","OK","745"
"2023-07-03","ALL","단기모멘텀","A383800","LX홀딩스","-3.16","OK","746"
"2023-07-03","ALL","단기모멘텀","A389260","대명에너지","7.11","OK","747"
"2023-07-03","ALL","단기모멘텀","A393890","더블유씨피","34.86","OK","748"
"2023-07-03","ALL","단기모멘텀","A394280","오픈엣지테크놀로지","2.95","OK","749"
"2023-07-03","ALL","단기모멘텀","A396270","넥스트칩","44.38","OK","750"
"2023-07-03","ALL","단기모멘텀","A399720","가온칩스","11.53","OK","751"
"2023-07-03","ALL","단기모멘텀","A402030","코난테크놀로지","-13.91","OK","752"
"2023-07-03","ALL","단기모멘텀","A402340","SK스퀘어","1.55","OK","753"
"2023-07-03","ALL","단기모멘텀","A403550","쏘카","-2.78","OK","754"
"2023-07-03","ALL","단기모멘텀","A403870","HPSP","3.96","OK","755"
"2023-07-03","ALL","단기모멘텀","A417010","나노팀","-3.88","OK","756"
"2023-07-03","ALL","단기모멘텀","A418420","라온텍","-24.39","OK","757"
"2023-07-03","ALL","단기모멘텀","A418550","제이오","4.28","OK","758"
"2023-07-03","ALL","단기모멘텀","A419080","엔젯","","BLANK","759"
"2023-07-03","ALL","단기모멘텀","A420770","기가비스","40.28","OK","760"
"2023-07-03","ALL","단기모멘텀","A425040","티이엠씨","11.86","OK","761"
"2023-07-03","ALL","단기모멘텀","A439090","마녀공장","0","OK","762"
"2023-07-03","ALL","단기모멘텀","A441270","파인엠텍","-8.37","OK","763"
"2023-07-03","ALL","단기모멘텀","A452260","한화갤러리아","-8.23","OK","764"
"2023-07-03","ALL","단기모멘텀","A453340","현대그린푸드","9.59","OK","765"
"2023-07-03","ALL","단기모멘텀","A456040","OCI","-2.82","OK","766"
"2023-07-03","ALL","단기모멘텀","A457190","이수스페셜티케미컬","119.8","OK","767"
"2023-07-03","ALL","단기모멘텀","A460850","동국씨엠","0","OK","768"
"2023-07-03","ALL","단기모멘텀","A460860","동국제강","0","OK","769"
"2023-07-03","ALL","단기모멘텀","A900140","엘브이엠씨홀딩스","8.23","OK","770"
"2023-07-03","ALL","단기모멘텀","A900250","크리스탈신소재","21.89","OK","771"
"2023-07-03","ALL","단기모멘텀","A900290","GRT","36.52","OK","772"
"2023-07-03","ALL","단기모멘텀","A950130","엑세스바이오","-12.08","OK","773"
"2023-07-03","ALL","단기모멘텀","A950160","코오롱티슈진","-1.73","OK","774"
"2023-07-03","ALL","단기모멘텀","A950210","프레스티지바이오파마","-6.85","OK","775"
