Date,Universe,Factor,StockCode,StockName,FactorValue,ValueStatus,SourceRow
"2021-09-14","ALL","OP(FY1_1M_CHG)","A000020","동화약품","","BLANK","14"
"2021-09-14","ALL","OP(FY1_1M_CHG)","A000050","경방","","BLANK","15"
"2021-09-14","ALL","OP(FY1_1M_CHG)","A000070","삼양홀딩스","","BLANK","16"
"2021-09-14","ALL","OP(FY1_1M_CHG)","A000080","하이트진로","-5.96742420602507","OK","17"
"2021-09-14","ALL","OP(FY1_1M_CHG)","A000100","유한양행","9.22190201729087E-02","OK","18"
"2021-09-14","ALL","OP(FY1_1M_CHG)","A000120","CJ대한통운",".504839204529608","OK","19"
"2021-09-14","ALL","OP(FY1_1M_CHG)","A000140","하이트진로홀딩스","","BLANK","20"
"2021-09-14","ALL","OP(FY1_1M_CHG)","A000150","두산","3.60342102063151","OK","21"
"2021-09-14","ALL","OP(FY1_1M_CHG)","A000210","DL","0","OK","22"
"2021-09-14","ALL","OP(FY1_1M_CHG)","A000240","한국앤컴퍼니","-5.64836044691924","OK","23"
"2021-09-14","ALL","OP(FY1_1M_CHG)","A000250","삼천당제약","","BLANK","24"
"2021-09-14","ALL","OP(FY1_1M_CHG)","A000270","기아","-.289901875082356","OK","25"
"2021-09-14","ALL","OP(FY1_1M_CHG)","A000370","한화손해보험","","BLANK","26"
"2021-09-14","ALL","OP(FY1_1M_CHG)","A000390","SP삼화","","BLANK","27"
"2021-09-14","ALL","OP(FY1_1M_CHG)","A000400","롯데손해보험","","BLANK","28"
"2021-09-14","ALL","OP(FY1_1M_CHG)","A000430","대원강업","","BLANK","29"
"2021-09-14","ALL","OP(FY1_1M_CHG)","A000480","CR홀딩스","","BLANK","30"
"2021-09-14","ALL","OP(FY1_1M_CHG)","A000490","대동","","BLANK","31"
"2021-09-14","ALL","OP(FY1_1M_CHG)","A000540","흥국화재","","BLANK","32"
"2021-09-14","ALL","OP(FY1_1M_CHG)","A000640","동아쏘시오홀딩스","18.266253869969","OK","33"
"2021-09-14","ALL","OP(FY1_1M_CHG)","A000660","SK하이닉스","-1.41464168406706","OK","34"
"2021-09-14","ALL","OP(FY1_1M_CHG)","A000670","영풍","6.65266106442577","OK","35"
"2021-09-14","ALL","OP(FY1_1M_CHG)","A000680","LS네트웍스","","BLANK","36"
"2021-09-14","ALL","OP(FY1_1M_CHG)","A000720","현대건설","-1.56824108953926","OK","37"
"2021-09-14","ALL","OP(FY1_1M_CHG)","A000810","삼성화재","","BLANK","38"
"2021-09-14","ALL","OP(FY1_1M_CHG)","A000880","한화","-.913135097166946","OK","39"
"2021-09-14","ALL","OP(FY1_1M_CHG)","A000990","DB하이텍","5.11184127385316","OK","40"
"2021-09-14","ALL","OP(FY1_1M_CHG)","A001040","CJ","3.02966428461262","OK","41"
"2021-09-14","ALL","OP(FY1_1M_CHG)","A001060","JW중외제약","","BLANK","42"
"2021-09-14","ALL","OP(FY1_1M_CHG)","A001120","LX인터내셔널","2.97572609945836","OK","43"
"2021-09-14","ALL","OP(FY1_1M_CHG)","A001130","대한제분","","BLANK","44"
"2021-09-14","ALL","OP(FY1_1M_CHG)","A001200","유진투자증권","","BLANK","45"
"2021-09-14","ALL","OP(FY1_1M_CHG)","A001230","동국홀딩스","30.1307286637451","OK","46"
"2021-09-14","ALL","OP(FY1_1M_CHG)","A001270","부국증권","","BLANK","47"
"2021-09-14","ALL","OP(FY1_1M_CHG)","A001360","삼성제약","","BLANK","48"
"2021-09-14","ALL","OP(FY1_1M_CHG)","A001390","KG케미칼","","BLANK","49"
"2021-09-14","ALL","OP(FY1_1M_CHG)","A001430","세아베스틸지주",".068274102554888","OK","50"
"2021-09-14","ALL","OP(FY1_1M_CHG)","A001440","대한전선","","BLANK","51"
"2021-09-14","ALL","OP(FY1_1M_CHG)","A001450","현대해상","8.04597701149425","OK","52"
"2021-09-14","ALL","OP(FY1_1M_CHG)","A001460","BYC","","BLANK","53"
"2021-09-14","ALL","OP(FY1_1M_CHG)","A001470","삼부토건","","BLANK","54"
"2021-09-14","ALL","OP(FY1_1M_CHG)","A001500","현대차증권","","BLANK","55"
"2021-09-14","ALL","OP(FY1_1M_CHG)","A001510","SK증권","","BLANK","56"
"2021-09-14","ALL","OP(FY1_1M_CHG)","A001520","동양","","BLANK","57"
"2021-09-14","ALL","OP(FY1_1M_CHG)","A001530","DI동일","15.1898734177215","OK","58"
"2021-09-14","ALL","OP(FY1_1M_CHG)","A001630","종근당홀딩스","","BLANK","59"
"2021-09-14","ALL","OP(FY1_1M_CHG)","A001680","대상","-6.27687496509744","OK","60"
"2021-09-14","ALL","OP(FY1_1M_CHG)","A001720","신영증권","","BLANK","61"
"2021-09-14","ALL","OP(FY1_1M_CHG)","A001740","SK네트웍스","-.457356351455815","OK","62"
"2021-09-14","ALL","OP(FY1_1M_CHG)","A001780","알루코","","BLANK","63"
"2021-09-14","ALL","OP(FY1_1M_CHG)","A001790","대한제당","","BLANK","64"
"2021-09-14","ALL","OP(FY1_1M_CHG)","A001800","오리온홀딩스","","BLANK","65"
"2021-09-14","ALL","OP(FY1_1M_CHG)","A001820","삼화콘덴서","0","OK","66"
"2021-09-14","ALL","OP(FY1_1M_CHG)","A001940","KISCO홀딩스","","BLANK","67"
"2021-09-14","ALL","OP(FY1_1M_CHG)","A002020","코오롱","","BLANK","68"
"2021-09-14","ALL","OP(FY1_1M_CHG)","A002030","아세아","","BLANK","69"
"2021-09-14","ALL","OP(FY1_1M_CHG)","A002100","경농","","BLANK","70"
"2021-09-14","ALL","OP(FY1_1M_CHG)","A002150","도화엔지니어링","","BLANK","71"
"2021-09-14","ALL","OP(FY1_1M_CHG)","A002210","동성제약","","BLANK","72"
"2021-09-14","ALL","OP(FY1_1M_CHG)","A002240","고려제강","","BLANK","73"
"2021-09-14","ALL","OP(FY1_1M_CHG)","A002310","아세아제지","2.61895979343414","OK","74"
"2021-09-14","ALL","OP(FY1_1M_CHG)","A002320","한진","-3.67054610564011","OK","75"
"2021-09-14","ALL","OP(FY1_1M_CHG)","A002350","넥센타이어","-18.1006887185954","OK","76"
"2021-09-14","ALL","OP(FY1_1M_CHG)","A002380","KCC","15.539494062984","OK","77"
"2021-09-14","ALL","OP(FY1_1M_CHG)","A002390","한독","","BLANK","78"
"2021-09-14","ALL","OP(FY1_1M_CHG)","A002410","범양건영","","BLANK","79"
"2021-09-14","ALL","OP(FY1_1M_CHG)","A002620","제일파마홀딩스","","BLANK","80"
"2021-09-14","ALL","OP(FY1_1M_CHG)","A002780","진흥기업","","BLANK","81"
"2021-09-14","ALL","OP(FY1_1M_CHG)","A002790","아모레퍼시픽홀딩스","-2.21010648029566","OK","82"
"2021-09-14","ALL","OP(FY1_1M_CHG)","A002810","삼영무역","","BLANK","83"
"2021-09-14","ALL","OP(FY1_1M_CHG)","A002840","미원상사","","BLANK","84"
"2021-09-14","ALL","OP(FY1_1M_CHG)","A002900","TYM","0","OK","85"
"2021-09-14","ALL","OP(FY1_1M_CHG)","A002960","한국쉘석유","","BLANK","86"
"2021-09-14","ALL","OP(FY1_1M_CHG)","A002990","금호건설","7.86575773466177","OK","87"
"2021-09-14","ALL","OP(FY1_1M_CHG)","A003000","부광약품","","BLANK","88"
"2021-09-14","ALL","OP(FY1_1M_CHG)","A003030","세아제강지주","","BLANK","89"
"2021-09-14","ALL","OP(FY1_1M_CHG)","A003060","에이프로젠바이오로직스","","BLANK","90"
"2021-09-14","ALL","OP(FY1_1M_CHG)","A003070","코오롱글로벌","6.05646830815311","OK","91"
"2021-09-14","ALL","OP(FY1_1M_CHG)","A003090","대웅","","BLANK","92"
"2021-09-14","ALL","OP(FY1_1M_CHG)","A003100","선광","","BLANK","93"
"2021-09-14","ALL","OP(FY1_1M_CHG)","A003160","디아이","0","OK","94"
"2021-09-14","ALL","OP(FY1_1M_CHG)","A003200","일신방직","","BLANK","95"
"2021-09-14","ALL","OP(FY1_1M_CHG)","A003220","대원제약","0","OK","96"
"2021-09-14","ALL","OP(FY1_1M_CHG)","A003230","삼양식품","-18.1376311077002","OK","97"
"2021-09-14","ALL","OP(FY1_1M_CHG)","A003240","태광산업","","BLANK","98"
"2021-09-14","ALL","OP(FY1_1M_CHG)","A003300","한일홀딩스","","BLANK","99"
"2021-09-14","ALL","OP(FY1_1M_CHG)","A003380","하림지주","","BLANK","100"
"2021-09-14","ALL","OP(FY1_1M_CHG)","A003470","유안타증권","","BLANK","101"
"2021-09-14","ALL","OP(FY1_1M_CHG)","A003490","대한항공","48.2491816288067","OK","102"
"2021-09-14","ALL","OP(FY1_1M_CHG)","A003520","영진약품","","BLANK","103"
"2021-09-14","ALL","OP(FY1_1M_CHG)","A003530","한화투자증권","","BLANK","104"
"2021-09-14","ALL","OP(FY1_1M_CHG)","A003540","대신증권","","BLANK","105"
"2021-09-14","ALL","OP(FY1_1M_CHG)","A003550","LG","-1.41823277461374","OK","106"
"2021-09-14","ALL","OP(FY1_1M_CHG)","A003570","SNT다이내믹스","","BLANK","107"
"2021-09-14","ALL","OP(FY1_1M_CHG)","A003580","HLB글로벌","","BLANK","108"
"2021-09-14","ALL","OP(FY1_1M_CHG)","A003620","KG모빌리티","","BLANK","109"
"2021-09-14","ALL","OP(FY1_1M_CHG)","A003670","포스코퓨처엠",".786695190118014","OK","110"
"2021-09-14","ALL","OP(FY1_1M_CHG)","A003690","코리안리","3.33333333333333","OK","111"
"2021-09-14","ALL","OP(FY1_1M_CHG)","A003800","에이스침대","","BLANK","112"
"2021-09-14","ALL","OP(FY1_1M_CHG)","A003850","보령","","BLANK","113"
"2021-09-14","ALL","OP(FY1_1M_CHG)","A003920","남양유업","","BLANK","114"
"2021-09-14","ALL","OP(FY1_1M_CHG)","A003960","사조대림","","BLANK","115"
"2021-09-14","ALL","OP(FY1_1M_CHG)","A004000","롯데정밀화학","1.80394826412526","OK","116"
"2021-09-14","ALL","OP(FY1_1M_CHG)","A004020","현대제철","3.25477334553683","OK","117"
"2021-09-14","ALL","OP(FY1_1M_CHG)","A004170","신세계","1.18029350104822","OK","118"
"2021-09-14","ALL","OP(FY1_1M_CHG)","A004250","NPC","","BLANK","119"
"2021-09-14","ALL","OP(FY1_1M_CHG)","A004360","세방","","BLANK","120"
"2021-09-14","ALL","OP(FY1_1M_CHG)","A004370","농심","-.682399772533408","OK","121"
"2021-09-14","ALL","OP(FY1_1M_CHG)","A004380","삼익THK","","BLANK","122"
"2021-09-14","ALL","OP(FY1_1M_CHG)","A004430","송원산업","","BLANK","123"
"2021-09-14","ALL","OP(FY1_1M_CHG)","A004490","세방전지","","BLANK","124"
"2021-09-14","ALL","OP(FY1_1M_CHG)","A004560","현대비앤지스틸","","BLANK","125"
"2021-09-14","ALL","OP(FY1_1M_CHG)","A004690","삼천리","3.30067044868489","OK","126"
"2021-09-14","ALL","OP(FY1_1M_CHG)","A004700","조광피혁","","BLANK","127"
"2021-09-14","ALL","OP(FY1_1M_CHG)","A004800","효성","-.217349801007432","OK","128"
"2021-09-14","ALL","OP(FY1_1M_CHG)","A004830","덕성","","BLANK","129"
"2021-09-14","ALL","OP(FY1_1M_CHG)","A004890","동일산업","","BLANK","130"
"2021-09-14","ALL","OP(FY1_1M_CHG)","A004960","한신공영","","BLANK","131"
"2021-09-14","ALL","OP(FY1_1M_CHG)","A004980","성신양회","","BLANK","132"
"2021-09-14","ALL","OP(FY1_1M_CHG)","A004990","롯데지주","3.10068649885583","OK","133"
"2021-09-14","ALL","OP(FY1_1M_CHG)","A005070","코스모신소재","0","OK","134"
"2021-09-14","ALL","OP(FY1_1M_CHG)","A005090","SGC에너지","0","OK","135"
"2021-09-14","ALL","OP(FY1_1M_CHG)","A005180","빙그레","-18.6491079014444","OK","136"
"2021-09-14","ALL","OP(FY1_1M_CHG)","A005250","녹십자홀딩스","","BLANK","137"
"2021-09-14","ALL","OP(FY1_1M_CHG)","A005290","동진쎄미켐","","BLANK","138"
"2021-09-14","ALL","OP(FY1_1M_CHG)","A005300","롯데칠성",".656734569778056","OK","139"
"2021-09-14","ALL","OP(FY1_1M_CHG)","A005380","현대차","-.291543603718263","OK","140"
"2021-09-14","ALL","OP(FY1_1M_CHG)","A005420","코스모화학","","BLANK","141"
"2021-09-14","ALL","OP(FY1_1M_CHG)","A005440","현대지에프홀딩스","1.31409128241228","OK","142"
"2021-09-14","ALL","OP(FY1_1M_CHG)","A005490","POSCO홀딩스","3.57073263285285","OK","143"
"2021-09-14","ALL","OP(FY1_1M_CHG)","A005500","삼진제약","","BLANK","144"
"2021-09-14","ALL","OP(FY1_1M_CHG)","A005610","삼립","-.919089950278739","OK","145"
"2021-09-14","ALL","OP(FY1_1M_CHG)","A005680","삼영전자","9.09090909090909","OK","146"
"2021-09-14","ALL","OP(FY1_1M_CHG)","A005690","파미셀","","BLANK","147"
"2021-09-14","ALL","OP(FY1_1M_CHG)","A005720","넥센","","BLANK","148"
"2021-09-14","ALL","OP(FY1_1M_CHG)","A005810","풍산홀딩스","48.7538940809969","OK","149"
"2021-09-14","ALL","OP(FY1_1M_CHG)","A005830","DB손해보험","","BLANK","150"
"2021-09-14","ALL","OP(FY1_1M_CHG)","A005850","에스엘","-6.94934125069586","OK","151"
"2021-09-14","ALL","OP(FY1_1M_CHG)","A005880","대한해운","4.25396825396825","OK","152"
"2021-09-14","ALL","OP(FY1_1M_CHG)","A005930","삼성전자","-.136867856644097","OK","153"
"2021-09-14","ALL","OP(FY1_1M_CHG)","A005940","NH투자증권","1.00090691730562","OK","154"
"2021-09-14","ALL","OP(FY1_1M_CHG)","A005950","이수화학","0","OK","155"
"2021-09-14","ALL","OP(FY1_1M_CHG)","A005960","동부건설",".873362445414847","OK","156"
"2021-09-14","ALL","OP(FY1_1M_CHG)","A006040","동원산업","0","OK","157"
"2021-09-14","ALL","OP(FY1_1M_CHG)","A006060","화승인더","","BLANK","158"
"2021-09-14","ALL","OP(FY1_1M_CHG)","A006110","삼아알미늄","","BLANK","159"
"2021-09-14","ALL","OP(FY1_1M_CHG)","A006120","SK디스커버리","","BLANK","160"
"2021-09-14","ALL","OP(FY1_1M_CHG)","A006260","LS","8.19767021199623","OK","161"
"2021-09-14","ALL","OP(FY1_1M_CHG)","A006280","녹십자","-6.76957411195834","OK","162"
"2021-09-14","ALL","OP(FY1_1M_CHG)","A006360","GS건설","-.72590769536737","OK","163"
"2021-09-14","ALL","OP(FY1_1M_CHG)","A006400","삼성SDI","-6.07164541590608E-02","OK","164"
"2021-09-14","ALL","OP(FY1_1M_CHG)","A006490","프리티","","BLANK","165"
"2021-09-14","ALL","OP(FY1_1M_CHG)","A006620","동구바이오제약","","BLANK","166"
"2021-09-14","ALL","OP(FY1_1M_CHG)","A006650","대한유화","-5.5296576113165","OK","167"
"2021-09-14","ALL","OP(FY1_1M_CHG)","A006730","서부T&D","","BLANK","168"
"2021-09-14","ALL","OP(FY1_1M_CHG)","A006800","미래에셋증권","2.7521642693412","OK","169"
"2021-09-14","ALL","OP(FY1_1M_CHG)","A006840","AK홀딩스","","BLANK","170"
"2021-09-14","ALL","OP(FY1_1M_CHG)","A007070","GS리테일","-7.79883945841393","OK","171"
"2021-09-14","ALL","OP(FY1_1M_CHG)","A007160","사조산업","","BLANK","172"
"2021-09-14","ALL","OP(FY1_1M_CHG)","A007210","벽산","","BLANK","173"
"2021-09-14","ALL","OP(FY1_1M_CHG)","A007310","오뚜기","-4.10874439461884","OK","174"
"2021-09-14","ALL","OP(FY1_1M_CHG)","A007340","DN오토모티브","","BLANK","175"
"2021-09-14","ALL","OP(FY1_1M_CHG)","A007390","네이처셀","","BLANK","176"
"2021-09-14","ALL","OP(FY1_1M_CHG)","A007460","에이프로젠","","BLANK","177"
"2021-09-14","ALL","OP(FY1_1M_CHG)","A007570","일양약품","","BLANK","178"
"2021-09-14","ALL","OP(FY1_1M_CHG)","A007690","국도화학","","BLANK","179"
"2021-09-14","ALL","OP(FY1_1M_CHG)","A007700","F&F홀딩스","","BLANK","180"
"2021-09-14","ALL","OP(FY1_1M_CHG)","A007810","코리아써키트","-18.6885245901639","OK","181"
"2021-09-14","ALL","OP(FY1_1M_CHG)","A007860","서연","","BLANK","182"
"2021-09-14","ALL","OP(FY1_1M_CHG)","A008060","대덕","","BLANK","183"
"2021-09-14","ALL","OP(FY1_1M_CHG)","A008350","남선알미늄","","BLANK","184"
"2021-09-14","ALL","OP(FY1_1M_CHG)","A008490","서흥",".438908659549234","OK","185"
"2021-09-14","ALL","OP(FY1_1M_CHG)","A008730","율촌화학","","BLANK","186"
"2021-09-14","ALL","OP(FY1_1M_CHG)","A008770","호텔신라","-.240756663800509","OK","187"
"2021-09-14","ALL","OP(FY1_1M_CHG)","A008930","한미사이언스","","BLANK","188"
"2021-09-14","ALL","OP(FY1_1M_CHG)","A009150","삼성전기","1.65174558659618","OK","189"
"2021-09-14","ALL","OP(FY1_1M_CHG)","A009160","SIMPAC","","BLANK","190"
"2021-09-14","ALL","OP(FY1_1M_CHG)","A009240","한샘","0","OK","191"
"2021-09-14","ALL","OP(FY1_1M_CHG)","A009290","광동제약","","BLANK","192"
"2021-09-14","ALL","OP(FY1_1M_CHG)","A009410","태영건설","16.0655737704918","OK","193"
"2021-09-14","ALL","OP(FY1_1M_CHG)","A009420","한올바이오파마","","BLANK","194"
"2021-09-14","ALL","OP(FY1_1M_CHG)","A009450","경동나비엔","","BLANK","195"
"2021-09-14","ALL","OP(FY1_1M_CHG)","A009520","포스코엠텍","0","OK","196"
"2021-09-14","ALL","OP(FY1_1M_CHG)","A009540","HD한국조선해양","-65.4144455953313","OK","197"
"2021-09-14","ALL","OP(FY1_1M_CHG)","A009580","무림P&P","0","OK","198"
"2021-09-14","ALL","OP(FY1_1M_CHG)","A009680","모토닉","","BLANK","199"
"2021-09-14","ALL","OP(FY1_1M_CHG)","A009830","한화솔루션","-2.20095256587438","OK","200"
"2021-09-14","ALL","OP(FY1_1M_CHG)","A009900","명신산업","","BLANK","201"
"2021-09-14","ALL","OP(FY1_1M_CHG)","A009970","영원무역홀딩스","0","OK","202"
"2021-09-14","ALL","OP(FY1_1M_CHG)","A010060","OCI홀딩스","5.0477086909178","OK","203"
"2021-09-14","ALL","OP(FY1_1M_CHG)","A010120","LS ELECTRIC","0","OK","204"
"2021-09-14","ALL","OP(FY1_1M_CHG)","A010130","고려아연",".278063565331035","OK","205"
"2021-09-14","ALL","OP(FY1_1M_CHG)","A010140","삼성중공업","-12.468171579669","OK","206"
"2021-09-14","ALL","OP(FY1_1M_CHG)","A010690","화신",".952380952380952","OK","207"
"2021-09-14","ALL","OP(FY1_1M_CHG)","A010780","아이에스동서","-9.84790494891338","OK","208"
"2021-09-14","ALL","OP(FY1_1M_CHG)","A010950","S-Oil","1.49829717486903","OK","209"
"2021-09-14","ALL","OP(FY1_1M_CHG)","A011000","진원생명과학","","BLANK","210"
"2021-09-14","ALL","OP(FY1_1M_CHG)","A011040","경동제약","","BLANK","211"
"2021-09-14","ALL","OP(FY1_1M_CHG)","A011070","LG이노텍","4.17501977156939","OK","212"
"2021-09-14","ALL","OP(FY1_1M_CHG)","A011170","롯데케미칼","-.775153568159722","OK","213"
"2021-09-14","ALL","OP(FY1_1M_CHG)","A011200","HMM","13.9487505228748","OK","214"
"2021-09-14","ALL","OP(FY1_1M_CHG)","A011210","현대위아","0","OK","215"
"2021-09-14","ALL","OP(FY1_1M_CHG)","A011280","태림포장","","BLANK","216"
"2021-09-14","ALL","OP(FY1_1M_CHG)","A011370","서한","","BLANK","217"
"2021-09-14","ALL","OP(FY1_1M_CHG)","A011690","와이투솔루션","","BLANK","218"
"2021-09-14","ALL","OP(FY1_1M_CHG)","A011780","금호석유화학","1.20136851184653","OK","219"
"2021-09-14","ALL","OP(FY1_1M_CHG)","A011790","SKC","2.85021365053702","OK","220"
"2021-09-14","ALL","OP(FY1_1M_CHG)","A011930","신성이엔지","","BLANK","221"
"2021-09-14","ALL","OP(FY1_1M_CHG)","A012330","현대모비스","-.1599309504468","OK","222"
"2021-09-14","ALL","OP(FY1_1M_CHG)","A012450","한화에어로스페이스","1.85077438838556","OK","223"
"2021-09-14","ALL","OP(FY1_1M_CHG)","A012510","더존비즈온","-2.43703358208956","OK","224"
"2021-09-14","ALL","OP(FY1_1M_CHG)","A012610","경인양행","","BLANK","225"
"2021-09-14","ALL","OP(FY1_1M_CHG)","A012630","HDC","","BLANK","226"
"2021-09-14","ALL","OP(FY1_1M_CHG)","A012700","리드코프","","BLANK","227"
"2021-09-14","ALL","OP(FY1_1M_CHG)","A012750","에스원","-.371364653243853","OK","228"
"2021-09-14","ALL","OP(FY1_1M_CHG)","A013120","동원개발","","BLANK","229"
"2021-09-14","ALL","OP(FY1_1M_CHG)","A013360","일성건설","","BLANK","230"
"2021-09-14","ALL","OP(FY1_1M_CHG)","A013580","계룡건설","","BLANK","231"
"2021-09-14","ALL","OP(FY1_1M_CHG)","A013890","지누스","-19.238683127572","OK","232"
"2021-09-14","ALL","OP(FY1_1M_CHG)","A014160","대영포장","","BLANK","233"
"2021-09-14","ALL","OP(FY1_1M_CHG)","A014280","금강공업","","BLANK","234"
"2021-09-14","ALL","OP(FY1_1M_CHG)","A014620","성광벤드","-39.0243902439024","OK","235"
"2021-09-14","ALL","OP(FY1_1M_CHG)","A014680","한솔케미칼","-.630050677989314","OK","236"
"2021-09-14","ALL","OP(FY1_1M_CHG)","A014820","동원시스템즈","","BLANK","237"
"2021-09-14","ALL","OP(FY1_1M_CHG)","A014830","유니드","0","OK","238"
"2021-09-14","ALL","OP(FY1_1M_CHG)","A015750","성우하이텍","","BLANK","239"
"2021-09-14","ALL","OP(FY1_1M_CHG)","A015760","한국전력","-300.435706116225","OK","240"
"2021-09-14","ALL","OP(FY1_1M_CHG)","A015860","일진홀딩스","","BLANK","241"
"2021-09-14","ALL","OP(FY1_1M_CHG)","A016360","삼성증권","-.308527497723984","OK","242"
"2021-09-14","ALL","OP(FY1_1M_CHG)","A016380","KG스틸","","BLANK","243"
"2021-09-14","ALL","OP(FY1_1M_CHG)","A016450","한세예스24홀딩스","-1.41072148327287","OK","244"
"2021-09-14","ALL","OP(FY1_1M_CHG)","A016580","환인제약","-4.41176470588235","OK","245"
"2021-09-14","ALL","OP(FY1_1M_CHG)","A016590","신대양제지","","BLANK","246"
"2021-09-14","ALL","OP(FY1_1M_CHG)","A016610","DB증권","","BLANK","247"
"2021-09-14","ALL","OP(FY1_1M_CHG)","A016710","대성홀딩스","","BLANK","248"
"2021-09-14","ALL","OP(FY1_1M_CHG)","A016800","퍼시스","","BLANK","249"
"2021-09-14","ALL","OP(FY1_1M_CHG)","A017390","서울가스","","BLANK","250"
"2021-09-14","ALL","OP(FY1_1M_CHG)","A017670","SK텔레콤",".173444075739434","OK","251"
"2021-09-14","ALL","OP(FY1_1M_CHG)","A017800","현대엘리베이터","-8.74844333748442","OK","252"
"2021-09-14","ALL","OP(FY1_1M_CHG)","A017810","풀무원","-26.0384850335981","OK","253"
"2021-09-14","ALL","OP(FY1_1M_CHG)","A017890","한국알콜","","BLANK","254"
"2021-09-14","ALL","OP(FY1_1M_CHG)","A017940","E1","","BLANK","255"
"2021-09-14","ALL","OP(FY1_1M_CHG)","A017960","한국카본","-13.2023755139333","OK","256"
"2021-09-14","ALL","OP(FY1_1M_CHG)","A018000","유니슨","","BLANK","257"
"2021-09-14","ALL","OP(FY1_1M_CHG)","A018250","애경산업","-.422068133855896","OK","258"
"2021-09-14","ALL","OP(FY1_1M_CHG)","A018260","삼성에스디에스","0","OK","259"
"2021-09-14","ALL","OP(FY1_1M_CHG)","A018290","브이티","","BLANK","260"
"2021-09-14","ALL","OP(FY1_1M_CHG)","A018470","조일알미늄","","BLANK","261"
"2021-09-14","ALL","OP(FY1_1M_CHG)","A018670","SK가스","1.98463508322665","OK","262"
"2021-09-14","ALL","OP(FY1_1M_CHG)","A018880","한온시스템","-1.11501176846052","OK","263"
"2021-09-14","ALL","OP(FY1_1M_CHG)","A019170","신풍제약","","BLANK","264"
"2021-09-14","ALL","OP(FY1_1M_CHG)","A019210","와이지-원","","BLANK","265"
"2021-09-14","ALL","OP(FY1_1M_CHG)","A019550","SBI인베스트먼트","","BLANK","266"
"2021-09-14","ALL","OP(FY1_1M_CHG)","A019680","대교","0","OK","267"
"2021-09-14","ALL","OP(FY1_1M_CHG)","A020000","한섬","2.13412374953688","OK","268"
"2021-09-14","ALL","OP(FY1_1M_CHG)","A020120","키다리스튜디오","-19.9504337050805","OK","269"
"2021-09-14","ALL","OP(FY1_1M_CHG)","A020150","롯데에너지머티리얼즈","11.284957496612","OK","270"
"2021-09-14","ALL","OP(FY1_1M_CHG)","A020560","아시아나항공","26.7576243980738","OK","271"
"2021-09-14","ALL","OP(FY1_1M_CHG)","A021240","코웨이","-.613636363636357","OK","272"
"2021-09-14","ALL","OP(FY1_1M_CHG)","A021320","KCC건설","","BLANK","273"
"2021-09-14","ALL","OP(FY1_1M_CHG)","A022100","포스코DX","-97.7678571428571","OK","274"
"2021-09-14","ALL","OP(FY1_1M_CHG)","A023160","태광","41.2790697674419","OK","275"
"2021-09-14","ALL","OP(FY1_1M_CHG)","A023410","유진기업","","BLANK","276"
"2021-09-14","ALL","OP(FY1_1M_CHG)","A023530","롯데쇼핑","-2.74839484502749","OK","277"
"2021-09-14","ALL","OP(FY1_1M_CHG)","A023590","다우기술","","BLANK","278"
"2021-09-14","ALL","OP(FY1_1M_CHG)","A023760","한국캐피탈","0","OK","279"
"2021-09-14","ALL","OP(FY1_1M_CHG)","A024110","기업은행",".313395187327337","OK","280"
"2021-09-14","ALL","OP(FY1_1M_CHG)","A024720","콜마홀딩스","","BLANK","281"
"2021-09-14","ALL","OP(FY1_1M_CHG)","A025000","KPX케미칼","","BLANK","282"
"2021-09-14","ALL","OP(FY1_1M_CHG)","A025540","한국단자","","BLANK","283"
"2021-09-14","ALL","OP(FY1_1M_CHG)","A025550","한국선재","","BLANK","284"
"2021-09-14","ALL","OP(FY1_1M_CHG)","A025770","한국정보통신","","BLANK","285"
"2021-09-14","ALL","OP(FY1_1M_CHG)","A025860","남해화학","","BLANK","286"
"2021-09-14","ALL","OP(FY1_1M_CHG)","A025900","동화기업","3.64715860899067","OK","287"
"2021-09-14","ALL","OP(FY1_1M_CHG)","A025950","동신건설","","BLANK","288"
"2021-09-14","ALL","OP(FY1_1M_CHG)","A025980","아난티","358.823529411765","OK","289"
"2021-09-14","ALL","OP(FY1_1M_CHG)","A026890","스틱인베스트먼트","","BLANK","290"
"2021-09-14","ALL","OP(FY1_1M_CHG)","A026960","동서","","BLANK","291"
"2021-09-14","ALL","OP(FY1_1M_CHG)","A027360","아주IB투자","","BLANK","292"
"2021-09-14","ALL","OP(FY1_1M_CHG)","A027410","BGF","10.3448275862069","OK","293"
"2021-09-14","ALL","OP(FY1_1M_CHG)","A028050","삼성E&A","1.68545403405526","OK","294"
"2021-09-14","ALL","OP(FY1_1M_CHG)","A028260","삼성물산","0","OK","295"
"2021-09-14","ALL","OP(FY1_1M_CHG)","A028300","HLB","","BLANK","296"
"2021-09-14","ALL","OP(FY1_1M_CHG)","A028670","팬오션","6.92017727064337","OK","297"
"2021-09-14","ALL","OP(FY1_1M_CHG)","A029460","케이씨","","BLANK","298"
"2021-09-14","ALL","OP(FY1_1M_CHG)","A029530","신도리코","","BLANK","299"
"2021-09-14","ALL","OP(FY1_1M_CHG)","A029780","삼성카드","1.13088104237729","OK","300"
"2021-09-14","ALL","OP(FY1_1M_CHG)","A030000","제일기획","9.60576345807521E-02","OK","301"
"2021-09-14","ALL","OP(FY1_1M_CHG)","A030190","NICE평가정보","-1.61744022503515","OK","302"
"2021-09-14","ALL","OP(FY1_1M_CHG)","A030200","KT","1.19905038954091","OK","303"
"2021-09-14","ALL","OP(FY1_1M_CHG)","A030210","다올투자증권","","BLANK","304"
"2021-09-14","ALL","OP(FY1_1M_CHG)","A030520","한컴","-2.5055928411633","OK","305"
"2021-09-14","ALL","OP(FY1_1M_CHG)","A030530","원익홀딩스","","BLANK","306"
"2021-09-14","ALL","OP(FY1_1M_CHG)","A030610","교보증권","","BLANK","307"
"2021-09-14","ALL","OP(FY1_1M_CHG)","A031330","에스에이엠티","","BLANK","308"
"2021-09-14","ALL","OP(FY1_1M_CHG)","A031430","신세계인터내셔날","4.79571771902993","OK","309"
"2021-09-14","ALL","OP(FY1_1M_CHG)","A031440","신세계푸드","0","OK","310"
"2021-09-14","ALL","OP(FY1_1M_CHG)","A032190","다우데이타","","BLANK","311"
"2021-09-14","ALL","OP(FY1_1M_CHG)","A032300","한국파마","0","OK","312"
"2021-09-14","ALL","OP(FY1_1M_CHG)","A032350","롯데관광개발","-210.235849056604","OK","313"
"2021-09-14","ALL","OP(FY1_1M_CHG)","A032500","케이엠더블유","-91.9652551574376","OK","314"
"2021-09-14","ALL","OP(FY1_1M_CHG)","A032620","GC메디아이","","BLANK","315"
"2021-09-14","ALL","OP(FY1_1M_CHG)","A032640","LG유플러스","1.05474106106855E-02","OK","316"
"2021-09-14","ALL","OP(FY1_1M_CHG)","A032820","우리기술","","BLANK","317"
"2021-09-14","ALL","OP(FY1_1M_CHG)","A032830","삼성생명","8.62598117629553","OK","318"
"2021-09-14","ALL","OP(FY1_1M_CHG)","A033160","엠케이전자","","BLANK","319"
"2021-09-14","ALL","OP(FY1_1M_CHG)","A033240","자화전자","-76.4102564102564","OK","320"
"2021-09-14","ALL","OP(FY1_1M_CHG)","A033270","유나이티드제약","","BLANK","321"
"2021-09-14","ALL","OP(FY1_1M_CHG)","A033290","로젠","3.95833333333333","OK","322"
"2021-09-14","ALL","OP(FY1_1M_CHG)","A033310","엠투엔","","BLANK","323"
"2021-09-14","ALL","OP(FY1_1M_CHG)","A033500","동성화인텍","-11.9047619047619","OK","324"
"2021-09-14","ALL","OP(FY1_1M_CHG)","A033530","SJG세종","","BLANK","325"
"2021-09-14","ALL","OP(FY1_1M_CHG)","A033640","네패스","0","OK","326"
"2021-09-14","ALL","OP(FY1_1M_CHG)","A033780","KT&G","3.85987233829611E-02","OK","327"
"2021-09-14","ALL","OP(FY1_1M_CHG)","A033830","티비씨","","BLANK","328"
"2021-09-14","ALL","OP(FY1_1M_CHG)","A033920","무학","","BLANK","329"
"2021-09-14","ALL","OP(FY1_1M_CHG)","A034020","두산에너빌리티","","BLANK","330"
"2021-09-14","ALL","OP(FY1_1M_CHG)","A034120","SBS","3.08985507246378","OK","331"
"2021-09-14","ALL","OP(FY1_1M_CHG)","A034220","LG디스플레이",".395908202979373","OK","332"
"2021-09-14","ALL","OP(FY1_1M_CHG)","A034230","파라다이스","-7.08685626441199","OK","333"
"2021-09-14","ALL","OP(FY1_1M_CHG)","A034310","NICE","","BLANK","334"
"2021-09-14","ALL","OP(FY1_1M_CHG)","A034730","SK","-1.15781064617331","OK","335"
"2021-09-14","ALL","OP(FY1_1M_CHG)","A034810","해성산업","","BLANK","336"
"2021-09-14","ALL","OP(FY1_1M_CHG)","A034830","한국토지신탁","-6.45867542419266","OK","337"
"2021-09-14","ALL","OP(FY1_1M_CHG)","A034950","한국기업평가","","BLANK","338"
"2021-09-14","ALL","OP(FY1_1M_CHG)","A035080","그래디언트","","BLANK","339"
"2021-09-14","ALL","OP(FY1_1M_CHG)","A035250","강원랜드","0","OK","340"
"2021-09-14","ALL","OP(FY1_1M_CHG)","A035420","NAVER",".124714196632721","OK","341"
"2021-09-14","ALL","OP(FY1_1M_CHG)","A035510","신세계 I&C","1.28514056224899","OK","342"
"2021-09-14","ALL","OP(FY1_1M_CHG)","A035600","KG이니시스","0","OK","343"
"2021-09-14","ALL","OP(FY1_1M_CHG)","A035720","카카오",".587493197447187","OK","344"
"2021-09-14","ALL","OP(FY1_1M_CHG)","A035760","CJ ENM","-.218386334400324","OK","345"
"2021-09-14","ALL","OP(FY1_1M_CHG)","A035810","이지홀딩스","","BLANK","346"
"2021-09-14","ALL","OP(FY1_1M_CHG)","A035890","서희건설","","BLANK","347"
"2021-09-14","ALL","OP(FY1_1M_CHG)","A035900","JYP Ent.",".138792505204716","OK","348"
"2021-09-14","ALL","OP(FY1_1M_CHG)","A036030","케이티알파","","BLANK","349"
"2021-09-14","ALL","OP(FY1_1M_CHG)","A036200","유니셈","1.11336032388665","OK","350"
"2021-09-14","ALL","OP(FY1_1M_CHG)","A036420","콘텐트리중앙","-99.0279465370595","OK","351"
"2021-09-14","ALL","OP(FY1_1M_CHG)","A036460","한국가스공사","-.944139147107662","OK","352"
"2021-09-14","ALL","OP(FY1_1M_CHG)","A036530","SNT홀딩스","","BLANK","353"
"2021-09-14","ALL","OP(FY1_1M_CHG)","A036540","SFA반도체","","BLANK","354"
"2021-09-14","ALL","OP(FY1_1M_CHG)","A036570","NC","-21.1265674279707","OK","355"
"2021-09-14","ALL","OP(FY1_1M_CHG)","A036630","세종텔레콤","","BLANK","356"
"2021-09-14","ALL","OP(FY1_1M_CHG)","A036800","나이스정보통신","3.64963503649635","OK","357"
"2021-09-14","ALL","OP(FY1_1M_CHG)","A036810","에프에스티","0","OK","358"
"2021-09-14","ALL","OP(FY1_1M_CHG)","A036830","솔브레인홀딩스","","BLANK","359"
"2021-09-14","ALL","OP(FY1_1M_CHG)","A036890","진성티이씨","-8.98203592814371","OK","360"
"2021-09-14","ALL","OP(FY1_1M_CHG)","A036930","주성엔지니어링","9.82905982905983","OK","361"
"2021-09-14","ALL","OP(FY1_1M_CHG)","A037070","파세코","","BLANK","362"
"2021-09-14","ALL","OP(FY1_1M_CHG)","A037270","YG PLUS","","BLANK","363"
"2021-09-14","ALL","OP(FY1_1M_CHG)","A037560","LG헬로비전","-9.87076648841355","OK","364"
"2021-09-14","ALL","OP(FY1_1M_CHG)","A037710","광주신세계","","BLANK","365"
"2021-09-14","ALL","OP(FY1_1M_CHG)","A038070","서린바이오","","BLANK","366"
"2021-09-14","ALL","OP(FY1_1M_CHG)","A038290","마크로젠","","BLANK","367"
"2021-09-14","ALL","OP(FY1_1M_CHG)","A038500","삼표시멘트","-.844475721323004","OK","368"
"2021-09-14","ALL","OP(FY1_1M_CHG)","A038540","상상인","","BLANK","369"
"2021-09-14","ALL","OP(FY1_1M_CHG)","A038880","아이에이","","BLANK","370"
"2021-09-14","ALL","OP(FY1_1M_CHG)","A039030","이오테크닉스","9.61156038711388","OK","371"
"2021-09-14","ALL","OP(FY1_1M_CHG)","A039130","하나투어","-13.8576779026217","OK","372"
"2021-09-14","ALL","OP(FY1_1M_CHG)","A039200","오스코텍","0","OK","373"
"2021-09-14","ALL","OP(FY1_1M_CHG)","A039240","경남스틸","","BLANK","374"
"2021-09-14","ALL","OP(FY1_1M_CHG)","A039440","에스티아이","-14.5658263305322","OK","375"
"2021-09-14","ALL","OP(FY1_1M_CHG)","A039490","키움증권","-.785335544177392","OK","376"
"2021-09-14","ALL","OP(FY1_1M_CHG)","A039560","다산네트웍스","0","OK","377"
"2021-09-14","ALL","OP(FY1_1M_CHG)","A039840","디오","0","OK","378"
"2021-09-14","ALL","OP(FY1_1M_CHG)","A041190","우리기술투자","","BLANK","379"
"2021-09-14","ALL","OP(FY1_1M_CHG)","A041510","에스엠","26.3842662632375","OK","380"
"2021-09-14","ALL","OP(FY1_1M_CHG)","A041830","인바디","0","OK","381"
"2021-09-14","ALL","OP(FY1_1M_CHG)","A041960","코미팜","","BLANK","382"
"2021-09-14","ALL","OP(FY1_1M_CHG)","A042000","카페24","0","OK","383"
"2021-09-14","ALL","OP(FY1_1M_CHG)","A042370","비츠로테크","","BLANK","384"
"2021-09-14","ALL","OP(FY1_1M_CHG)","A042660","한화오션","-300.698279240443","OK","385"
"2021-09-14","ALL","OP(FY1_1M_CHG)","A042700","한미반도체","0","OK","386"
"2021-09-14","ALL","OP(FY1_1M_CHG)","A043150","바텍","0","OK","387"
"2021-09-14","ALL","OP(FY1_1M_CHG)","A043610","KT지니뮤직","","BLANK","388"
"2021-09-14","ALL","OP(FY1_1M_CHG)","A044340","위닉스","","BLANK","389"
"2021-09-14","ALL","OP(FY1_1M_CHG)","A044450","KSS해운","","BLANK","390"
"2021-09-14","ALL","OP(FY1_1M_CHG)","A044490","태웅","","BLANK","391"
"2021-09-14","ALL","OP(FY1_1M_CHG)","A045100","한양이엔지","","BLANK","392"
"2021-09-14","ALL","OP(FY1_1M_CHG)","A045390","대아티아이","","BLANK","393"
"2021-09-14","ALL","OP(FY1_1M_CHG)","A045660","에이텍","","BLANK","394"
"2021-09-14","ALL","OP(FY1_1M_CHG)","A046440","KG파이낸셜","0","OK","395"
"2021-09-14","ALL","OP(FY1_1M_CHG)","A046890","서울반도체","0","OK","396"
"2021-09-14","ALL","OP(FY1_1M_CHG)","A047040","대우건설",".444921194095344","OK","397"
"2021-09-14","ALL","OP(FY1_1M_CHG)","A047050","포스코인터내셔널","3.04197218265899","OK","398"
"2021-09-14","ALL","OP(FY1_1M_CHG)","A047310","파워로직스","","BLANK","399"
"2021-09-14","ALL","OP(FY1_1M_CHG)","A047810","한국항공우주","3.49909435205006","OK","400"
"2021-09-14","ALL","OP(FY1_1M_CHG)","A047820","초록뱀미디어","","BLANK","401"
"2021-09-14","ALL","OP(FY1_1M_CHG)","A047920","HLB제약","","BLANK","402"
"2021-09-14","ALL","OP(FY1_1M_CHG)","A048410","현대바이오","","BLANK","403"
"2021-09-14","ALL","OP(FY1_1M_CHG)","A048530","인트론바이오","","BLANK","404"
"2021-09-14","ALL","OP(FY1_1M_CHG)","A048550","SM C&C","","BLANK","405"
"2021-09-14","ALL","OP(FY1_1M_CHG)","A048870","시너지이노베이션","","BLANK","406"
"2021-09-14","ALL","OP(FY1_1M_CHG)","A048910","대원미디어","","BLANK","407"
"2021-09-14","ALL","OP(FY1_1M_CHG)","A049070","인탑스","-5.95202248318779","OK","408"
"2021-09-14","ALL","OP(FY1_1M_CHG)","A049180","셀루메드","","BLANK","409"
"2021-09-14","ALL","OP(FY1_1M_CHG)","A050890","쏠리드","52.6315789473684","OK","410"
"2021-09-14","ALL","OP(FY1_1M_CHG)","A051160","지어소프트","-37.7777777777778","OK","411"
"2021-09-14","ALL","OP(FY1_1M_CHG)","A051370","인터플렉스","-178.333333333333","OK","412"
"2021-09-14","ALL","OP(FY1_1M_CHG)","A051500","CJ프레시웨이","6.02512241856504","OK","413"
"2021-09-14","ALL","OP(FY1_1M_CHG)","A051600","한전KPS","-10.2489726855209","OK","414"
"2021-09-14","ALL","OP(FY1_1M_CHG)","A051900","LG생활건강","7.51190637159215E-04","OK","415"
"2021-09-14","ALL","OP(FY1_1M_CHG)","A051910","LG화학",".689681874345589","OK","416"
"2021-09-14","ALL","OP(FY1_1M_CHG)","A052020","에스티큐브","","BLANK","417"
"2021-09-14","ALL","OP(FY1_1M_CHG)","A052260","현대바이오랜드","","BLANK","418"
"2021-09-14","ALL","OP(FY1_1M_CHG)","A052400","코나아이","","BLANK","419"
"2021-09-14","ALL","OP(FY1_1M_CHG)","A052690","한전기술","-179.494128274616","OK","420"
"2021-09-14","ALL","OP(FY1_1M_CHG)","A052710","아모텍","-311.111111111111","OK","421"
"2021-09-14","ALL","OP(FY1_1M_CHG)","A053030","바이넥스","","BLANK","422"
"2021-09-14","ALL","OP(FY1_1M_CHG)","A053210","스카이라이프","-.869346100541763","OK","423"
"2021-09-14","ALL","OP(FY1_1M_CHG)","A053280","예스24","","BLANK","424"
"2021-09-14","ALL","OP(FY1_1M_CHG)","A053580","웹케시","0","OK","425"
"2021-09-14","ALL","OP(FY1_1M_CHG)","A053610","프로텍","","BLANK","426"
"2021-09-14","ALL","OP(FY1_1M_CHG)","A053800","안랩","","BLANK","427"
"2021-09-14","ALL","OP(FY1_1M_CHG)","A054620","APS","","BLANK","428"
"2021-09-14","ALL","OP(FY1_1M_CHG)","A054920","한컴위드","","BLANK","429"
"2021-09-14","ALL","OP(FY1_1M_CHG)","A055490","테이팩스","-5.41125541125541","OK","430"
"2021-09-14","ALL","OP(FY1_1M_CHG)","A055550","신한지주",".382655883759772","OK","431"
"2021-09-14","ALL","OP(FY1_1M_CHG)","A056190","SFA","-10.0947171149268","OK","432"
"2021-09-14","ALL","OP(FY1_1M_CHG)","A057050","현대홈쇼핑","-11.9883720930233","OK","433"
"2021-09-14","ALL","OP(FY1_1M_CHG)","A058430","포스코스틸리온","","BLANK","434"
"2021-09-14","ALL","OP(FY1_1M_CHG)","A058470","리노공업","10.1498501498502","OK","435"
"2021-09-14","ALL","OP(FY1_1M_CHG)","A058650","세아홀딩스","","BLANK","436"
"2021-09-14","ALL","OP(FY1_1M_CHG)","A058820","CMG제약","","BLANK","437"
"2021-09-14","ALL","OP(FY1_1M_CHG)","A059090","미코","","BLANK","438"
"2021-09-14","ALL","OP(FY1_1M_CHG)","A060150","인선이엔티","-9.99000999000942E-02","OK","439"
"2021-09-14","ALL","OP(FY1_1M_CHG)","A060250","NHN KCP","-3.2258064516129","OK","440"
"2021-09-14","ALL","OP(FY1_1M_CHG)","A060280","큐렉소","0","OK","441"
"2021-09-14","ALL","OP(FY1_1M_CHG)","A060560","HC홈센타","","BLANK","442"
"2021-09-14","ALL","OP(FY1_1M_CHG)","A060570","드림어스컴퍼니","","BLANK","443"
"2021-09-14","ALL","OP(FY1_1M_CHG)","A060590","씨티씨바이오","","BLANK","444"
"2021-09-14","ALL","OP(FY1_1M_CHG)","A060720","KH바텍","6.1232933388498","OK","445"
"2021-09-14","ALL","OP(FY1_1M_CHG)","A060900","에이전트AI","","BLANK","446"
"2021-09-14","ALL","OP(FY1_1M_CHG)","A060980","HL홀딩스","9.09604519774011","OK","447"
"2021-09-14","ALL","OP(FY1_1M_CHG)","A061970","LB세미콘","1.21091632026026","OK","448"
"2021-09-14","ALL","OP(FY1_1M_CHG)","A063160","종근당바이오","","BLANK","449"
"2021-09-14","ALL","OP(FY1_1M_CHG)","A063170","서울옥션","23.2009211283823","OK","450"
"2021-09-14","ALL","OP(FY1_1M_CHG)","A064260","다날","","BLANK","451"
"2021-09-14","ALL","OP(FY1_1M_CHG)","A064290","인텍플러스",".793650793650805","OK","452"
"2021-09-14","ALL","OP(FY1_1M_CHG)","A064350","현대로템","1.04612932151041","OK","453"
"2021-09-14","ALL","OP(FY1_1M_CHG)","A064550","바이오니아","","BLANK","454"
"2021-09-14","ALL","OP(FY1_1M_CHG)","A064760","티씨케이",".144064540914321","OK","455"
"2021-09-14","ALL","OP(FY1_1M_CHG)","A064960","SNT모티브","-1.11654516932731","OK","456"
"2021-09-14","ALL","OP(FY1_1M_CHG)","A065350","신성델타테크","4.44444444444444","OK","457"
"2021-09-14","ALL","OP(FY1_1M_CHG)","A065660","안트로젠","","BLANK","458"
"2021-09-14","ALL","OP(FY1_1M_CHG)","A065680","우주일렉트로","","BLANK","459"
"2021-09-14","ALL","OP(FY1_1M_CHG)","A066570","LG전자","-.502052800726891","OK","460"
"2021-09-14","ALL","OP(FY1_1M_CHG)","A066970","엘앤에프","6.97022767075306","OK","461"
"2021-09-14","ALL","OP(FY1_1M_CHG)","A067000","조이시티","0","OK","462"
"2021-09-14","ALL","OP(FY1_1M_CHG)","A067160","SOOP","0","OK","463"
"2021-09-14","ALL","OP(FY1_1M_CHG)","A067310","하나마이크론","","BLANK","464"
"2021-09-14","ALL","OP(FY1_1M_CHG)","A067370","선바이오","","BLANK","465"
"2021-09-14","ALL","OP(FY1_1M_CHG)","A067630","HLB생명과학","","BLANK","466"
"2021-09-14","ALL","OP(FY1_1M_CHG)","A068240","다원시스","","BLANK","467"
"2021-09-14","ALL","OP(FY1_1M_CHG)","A068270","셀트리온","-11.9141263535403","OK","468"
"2021-09-14","ALL","OP(FY1_1M_CHG)","A068290","삼성출판사","","BLANK","469"
"2021-09-14","ALL","OP(FY1_1M_CHG)","A068760","셀트리온제약","","BLANK","470"
"2021-09-14","ALL","OP(FY1_1M_CHG)","A069080","웹젠","-2.38151379391653","OK","471"
"2021-09-14","ALL","OP(FY1_1M_CHG)","A069260","TKG휴켐스","-1.04774991411886","OK","472"
"2021-09-14","ALL","OP(FY1_1M_CHG)","A069620","대웅제약","2.503259452412","OK","473"
"2021-09-14","ALL","OP(FY1_1M_CHG)","A069960","현대백화점","-1.71846680539706","OK","474"
"2021-09-14","ALL","OP(FY1_1M_CHG)","A070960","모나용평","","BLANK","475"
"2021-09-14","ALL","OP(FY1_1M_CHG)","A071050","한국금융지주",".568151037434305","OK","476"
"2021-09-14","ALL","OP(FY1_1M_CHG)","A071320","지역난방공사","-1.78062678062678","OK","477"
"2021-09-14","ALL","OP(FY1_1M_CHG)","A071840","롯데하이마트","-4.80667455326569","OK","478"
"2021-09-14","ALL","OP(FY1_1M_CHG)","A072710","농심홀딩스","","BLANK","479"
"2021-09-14","ALL","OP(FY1_1M_CHG)","A073240","금호타이어","4.87200660611066","OK","480"
"2021-09-14","ALL","OP(FY1_1M_CHG)","A073490","LIG아큐버","3.60655737704918","OK","481"
"2021-09-14","ALL","OP(FY1_1M_CHG)","A074430","아미노로직스","","BLANK","482"
"2021-09-14","ALL","OP(FY1_1M_CHG)","A074600","원익QnC","2.05378973105135","OK","483"
"2021-09-14","ALL","OP(FY1_1M_CHG)","A075580","세진중공업","1.63934426229509","OK","484"
"2021-09-14","ALL","OP(FY1_1M_CHG)","A077360","덕산하이메탈","","BLANK","485"
"2021-09-14","ALL","OP(FY1_1M_CHG)","A077500","유니퀘스트","11.6751269035533","OK","486"
"2021-09-14","ALL","OP(FY1_1M_CHG)","A077970","STX엔진","","BLANK","487"
"2021-09-14","ALL","OP(FY1_1M_CHG)","A078020","LS증권","","BLANK","488"
"2021-09-14","ALL","OP(FY1_1M_CHG)","A078070","유비쿼스홀딩스","","BLANK","489"
"2021-09-14","ALL","OP(FY1_1M_CHG)","A078130","국일제지","","BLANK","490"
"2021-09-14","ALL","OP(FY1_1M_CHG)","A078160","메디포스트","","BLANK","491"
"2021-09-14","ALL","OP(FY1_1M_CHG)","A078340","컴투스","-2.55448793063043","OK","492"
"2021-09-14","ALL","OP(FY1_1M_CHG)","A078600","대주전자재료","-11.7154811715481","OK","493"
"2021-09-14","ALL","OP(FY1_1M_CHG)","A078930","GS","-2.76959209447633","OK","494"
"2021-09-14","ALL","OP(FY1_1M_CHG)","A079160","CJ CGV","-7.15467730945196","OK","495"
"2021-09-14","ALL","OP(FY1_1M_CHG)","A079430","현대리바트","0","OK","496"
"2021-09-14","ALL","OP(FY1_1M_CHG)","A079550","LIG디펜스앤에어로스페이스","5.46532305868405","OK","497"
"2021-09-14","ALL","OP(FY1_1M_CHG)","A079980","휴비스","","BLANK","498"
"2021-09-14","ALL","OP(FY1_1M_CHG)","A080160","모두투어","-16.2790697674419","OK","499"
"2021-09-14","ALL","OP(FY1_1M_CHG)","A080420","모다이노칩","","BLANK","500"
"2021-09-14","ALL","OP(FY1_1M_CHG)","A080580","오킨스전자","","BLANK","501"
"2021-09-14","ALL","OP(FY1_1M_CHG)","A081000","일진다이아","","BLANK","502"
"2021-09-14","ALL","OP(FY1_1M_CHG)","A081660","미스토홀딩스","7.45183569611051","OK","503"
"2021-09-14","ALL","OP(FY1_1M_CHG)","A082270","젬백스","","BLANK","504"
"2021-09-14","ALL","OP(FY1_1M_CHG)","A082640","동양생명","-.489138807579719","OK","505"
"2021-09-14","ALL","OP(FY1_1M_CHG)","A082740","한화엔진","-24.223602484472","OK","506"
"2021-09-14","ALL","OP(FY1_1M_CHG)","A082800","비보존 제약","","BLANK","507"
"2021-09-14","ALL","OP(FY1_1M_CHG)","A082920","비츠로셀","","BLANK","508"
"2021-09-14","ALL","OP(FY1_1M_CHG)","A083310","엘오티베큠","8.64197530864199","OK","509"
"2021-09-14","ALL","OP(FY1_1M_CHG)","A083420","그린케미칼","","BLANK","510"
"2021-09-14","ALL","OP(FY1_1M_CHG)","A083450","GST","-2.63090018055198","OK","511"
"2021-09-14","ALL","OP(FY1_1M_CHG)","A083790","CG인바이츠","","BLANK","512"
"2021-09-14","ALL","OP(FY1_1M_CHG)","A084010","대한제강","20.815412714311","OK","513"
"2021-09-14","ALL","OP(FY1_1M_CHG)","A084110","휴온스글로벌","","BLANK","514"
"2021-09-14","ALL","OP(FY1_1M_CHG)","A084370","유진테크","4.98261877172653","OK","515"
"2021-09-14","ALL","OP(FY1_1M_CHG)","A084650","랩지노믹스","","BLANK","516"
"2021-09-14","ALL","OP(FY1_1M_CHG)","A084680","이월드","","BLANK","517"
"2021-09-14","ALL","OP(FY1_1M_CHG)","A084690","대상홀딩스","","BLANK","518"
"2021-09-14","ALL","OP(FY1_1M_CHG)","A084850","아이티엠반도체","-7.36698499317871","OK","519"
"2021-09-14","ALL","OP(FY1_1M_CHG)","A084990","헬릭스미스","","BLANK","520"
"2021-09-14","ALL","OP(FY1_1M_CHG)","A085620","미래에셋생명","-19.3913203383597","OK","521"
"2021-09-14","ALL","OP(FY1_1M_CHG)","A085660","차바이오텍","","BLANK","522"
"2021-09-14","ALL","OP(FY1_1M_CHG)","A086280","현대글로비스",".866135410184869","OK","523"
"2021-09-14","ALL","OP(FY1_1M_CHG)","A086390","유니테스트","-57.8947368421053","OK","524"
"2021-09-14","ALL","OP(FY1_1M_CHG)","A086450","동국제약","-9.20758928571429","OK","525"
"2021-09-14","ALL","OP(FY1_1M_CHG)","A086520","에코프로","0","OK","526"
"2021-09-14","ALL","OP(FY1_1M_CHG)","A086790","하나금융지주",".166479262524455","OK","527"
"2021-09-14","ALL","OP(FY1_1M_CHG)","A086890","이수앱지스","","BLANK","528"
"2021-09-14","ALL","OP(FY1_1M_CHG)","A086900","메디톡스","-3.38983050847456","OK","529"
"2021-09-14","ALL","OP(FY1_1M_CHG)","A086980","쇼박스","","BLANK","530"
"2021-09-14","ALL","OP(FY1_1M_CHG)","A087010","펩트론","","BLANK","531"
"2021-09-14","ALL","OP(FY1_1M_CHG)","A088350","한화생명","-8.82050636628699","OK","532"
"2021-09-14","ALL","OP(FY1_1M_CHG)","A088390","이녹스","0","OK","533"
"2021-09-14","ALL","OP(FY1_1M_CHG)","A088800","에이스테크",".223880597014921","OK","534"
"2021-09-14","ALL","OP(FY1_1M_CHG)","A089010","켐트로닉스","","BLANK","535"
"2021-09-14","ALL","OP(FY1_1M_CHG)","A089030","테크윙","-3.69865348559741","OK","536"
"2021-09-14","ALL","OP(FY1_1M_CHG)","A089140","넥스턴앤롤코리아","","BLANK","537"
"2021-09-14","ALL","OP(FY1_1M_CHG)","A089590","제주항공",".953935437069277","OK","538"
"2021-09-14","ALL","OP(FY1_1M_CHG)","A089600","KT나스미디어","1.57035175879398","OK","539"
"2021-09-14","ALL","OP(FY1_1M_CHG)","A089860","롯데렌탈","13.9684813753582","OK","540"
"2021-09-14","ALL","OP(FY1_1M_CHG)","A089970","브이엠","","BLANK","541"
"2021-09-14","ALL","OP(FY1_1M_CHG)","A089980","상아프론테크","0","OK","542"
"2021-09-14","ALL","OP(FY1_1M_CHG)","A090430","아모레퍼시픽","-1.05764933710711","OK","543"
"2021-09-14","ALL","OP(FY1_1M_CHG)","A090460","비에이치","1.83737294761533","OK","544"
"2021-09-14","ALL","OP(FY1_1M_CHG)","A090850","현대이지웰","6.59340659340659","OK","545"
"2021-09-14","ALL","OP(FY1_1M_CHG)","A091120","이엠텍","","BLANK","546"
"2021-09-14","ALL","OP(FY1_1M_CHG)","A091700","파트론","-.824480735690508","OK","547"
"2021-09-14","ALL","OP(FY1_1M_CHG)","A091810","트리니티항공",".503003003002994","OK","548"
"2021-09-14","ALL","OP(FY1_1M_CHG)","A092040","아미코젠","0","OK","549"
"2021-09-14","ALL","OP(FY1_1M_CHG)","A092070","디엔에프","","BLANK","550"
"2021-09-14","ALL","OP(FY1_1M_CHG)","A092190","서울바이오시스","0","OK","551"
"2021-09-14","ALL","OP(FY1_1M_CHG)","A092230","KPX홀딩스","","BLANK","552"
"2021-09-14","ALL","OP(FY1_1M_CHG)","A092730","네오팜","-1.54597233523189","OK","553"
"2021-09-14","ALL","OP(FY1_1M_CHG)","A093050","LF","21.9251336898396","OK","554"
"2021-09-14","ALL","OP(FY1_1M_CHG)","A093370","후성","61.0878661087866","OK","555"
"2021-09-14","ALL","OP(FY1_1M_CHG)","A095340","ISC","","BLANK","556"
"2021-09-14","ALL","OP(FY1_1M_CHG)","A095570","AJ네트웍스","","BLANK","557"
"2021-09-14","ALL","OP(FY1_1M_CHG)","A095610","테스","-3.48043992760685","OK","558"
"2021-09-14","ALL","OP(FY1_1M_CHG)","A095660","네오위즈","-1.04512276045123","OK","559"
"2021-09-14","ALL","OP(FY1_1M_CHG)","A095700","제넥신","","BLANK","560"
"2021-09-14","ALL","OP(FY1_1M_CHG)","A095720","웅진씽크빅",".964630225080377","OK","561"
"2021-09-14","ALL","OP(FY1_1M_CHG)","A096530","씨젠","6.77649456521741","OK","562"
"2021-09-14","ALL","OP(FY1_1M_CHG)","A096760","JW홀딩스","","BLANK","563"
"2021-09-14","ALL","OP(FY1_1M_CHG)","A096770","SK이노베이션",".44465161101102","OK","564"
"2021-09-14","ALL","OP(FY1_1M_CHG)","A097230","HJ중공업","","BLANK","565"
"2021-09-14","ALL","OP(FY1_1M_CHG)","A097520","엠씨넥스","-23.7608777903897","OK","566"
"2021-09-14","ALL","OP(FY1_1M_CHG)","A097780","에코볼트","","BLANK","567"
"2021-09-14","ALL","OP(FY1_1M_CHG)","A097950","CJ제일제당",".331168315379765","OK","568"
"2021-09-14","ALL","OP(FY1_1M_CHG)","A098460","고영","0","OK","569"
"2021-09-14","ALL","OP(FY1_1M_CHG)","A099190","아이센스","0","OK","570"
"2021-09-14","ALL","OP(FY1_1M_CHG)","A099320","쎄트렉아이","","BLANK","571"
"2021-09-14","ALL","OP(FY1_1M_CHG)","A099750","이지케어텍","","BLANK","572"
"2021-09-14","ALL","OP(FY1_1M_CHG)","A100090","SK오션플랜트","-12.9487179487179","OK","573"
"2021-09-14","ALL","OP(FY1_1M_CHG)","A100120","뷰웍스","0","OK","574"
"2021-09-14","ALL","OP(FY1_1M_CHG)","A100130","동국S&C","","BLANK","575"
"2021-09-14","ALL","OP(FY1_1M_CHG)","A100790","미래에셋벤처투자","","BLANK","576"
"2021-09-14","ALL","OP(FY1_1M_CHG)","A101160","월덱스","-5.08695652173914","OK","577"
"2021-09-14","ALL","OP(FY1_1M_CHG)","A101360","에코앤드림","-23.8095238095238","OK","578"
"2021-09-14","ALL","OP(FY1_1M_CHG)","A101490","에스앤에스텍","","BLANK","579"
"2021-09-14","ALL","OP(FY1_1M_CHG)","A101530","해태제과식품","","BLANK","580"
"2021-09-14","ALL","OP(FY1_1M_CHG)","A102260","동성케미컬","","BLANK","581"
"2021-09-14","ALL","OP(FY1_1M_CHG)","A102460","이연제약","","BLANK","582"
"2021-09-14","ALL","OP(FY1_1M_CHG)","A102710","이엔에프테크놀로지","","BLANK","583"
"2021-09-14","ALL","OP(FY1_1M_CHG)","A102940","코오롱생명과학","","BLANK","584"
"2021-09-14","ALL","OP(FY1_1M_CHG)","A103140","풍산","1.12756418964814","OK","585"
"2021-09-14","ALL","OP(FY1_1M_CHG)","A104460","디와이피엔에프","0","OK","586"
"2021-09-14","ALL","OP(FY1_1M_CHG)","A104480","티케이케미칼","","BLANK","587"
"2021-09-14","ALL","OP(FY1_1M_CHG)","A104700","한국철강","76.0915492957747","OK","588"
"2021-09-14","ALL","OP(FY1_1M_CHG)","A104830","원익머트리얼즈","2.08035896389964","OK","589"
"2021-09-14","ALL","OP(FY1_1M_CHG)","A105560","KB금융","0","OK","590"
"2021-09-14","ALL","OP(FY1_1M_CHG)","A105630","한세실업","1.21172879474609","OK","591"
"2021-09-14","ALL","OP(FY1_1M_CHG)","A106240","파인테크닉스","","BLANK","592"
"2021-09-14","ALL","OP(FY1_1M_CHG)","A107590","미원홀딩스","","BLANK","593"
"2021-09-14","ALL","OP(FY1_1M_CHG)","A108230","톱텍","","BLANK","594"
"2021-09-14","ALL","OP(FY1_1M_CHG)","A108320","LX세미콘","22.2169885382321","OK","595"
"2021-09-14","ALL","OP(FY1_1M_CHG)","A108670","LX하우시스","0","OK","596"
"2021-09-14","ALL","OP(FY1_1M_CHG)","A110790","크리스에프앤씨","-2.77995916444166","OK","597"
"2021-09-14","ALL","OP(FY1_1M_CHG)","A111770","영원무역","6.82711357952517","OK","598"
"2021-09-14","ALL","OP(FY1_1M_CHG)","A112040","위메이드","5.82617000955109","OK","599"
"2021-09-14","ALL","OP(FY1_1M_CHG)","A112610","씨에스윈드","-2.66565694812572","OK","600"
"2021-09-14","ALL","OP(FY1_1M_CHG)","A114090","GKL","0","OK","601"
"2021-09-14","ALL","OP(FY1_1M_CHG)","A115160","휴맥스","","BLANK","602"
"2021-09-14","ALL","OP(FY1_1M_CHG)","A115180","큐리언트","","BLANK","603"
"2021-09-14","ALL","OP(FY1_1M_CHG)","A115450","HLB테라퓨틱스","","BLANK","604"
"2021-09-14","ALL","OP(FY1_1M_CHG)","A118990","모트렉스","","BLANK","605"
"2021-09-14","ALL","OP(FY1_1M_CHG)","A119610","인터로조","2.36498411577833","OK","606"
"2021-09-14","ALL","OP(FY1_1M_CHG)","A120110","코오롱인더","4.10264290104487","OK","607"
"2021-09-14","ALL","OP(FY1_1M_CHG)","A121440","골프존홀딩스","","BLANK","608"
"2021-09-14","ALL","OP(FY1_1M_CHG)","A121600","나노신소재","","BLANK","609"
"2021-09-14","ALL","OP(FY1_1M_CHG)","A121800","비덴트","","BLANK","610"
"2021-09-14","ALL","OP(FY1_1M_CHG)","A122450","KX","","BLANK","611"
"2021-09-14","ALL","OP(FY1_1M_CHG)","A122870","와이지엔터테인먼트","2.2998872604284","OK","612"
"2021-09-14","ALL","OP(FY1_1M_CHG)","A122900","아이마켓코리아","","BLANK","613"
"2021-09-14","ALL","OP(FY1_1M_CHG)","A122990","와이솔","-11.9015957446808","OK","614"
"2021-09-14","ALL","OP(FY1_1M_CHG)","A123860","아나패스","","BLANK","615"
"2021-09-14","ALL","OP(FY1_1M_CHG)","A123890","한국자산신탁","1.97602850664076","OK","616"
"2021-09-14","ALL","OP(FY1_1M_CHG)","A126340","비나텍","-12.1212121212121","OK","617"
"2021-09-14","ALL","OP(FY1_1M_CHG)","A126560","현대퓨처넷","","BLANK","618"
"2021-09-14","ALL","OP(FY1_1M_CHG)","A126700","하이비젼시스템","183.426966292135","OK","619"
"2021-09-14","ALL","OP(FY1_1M_CHG)","A128940","한미약품","-3.2085020242915","OK","620"
"2021-09-14","ALL","OP(FY1_1M_CHG)","A130660","한전산업","","BLANK","621"
"2021-09-14","ALL","OP(FY1_1M_CHG)","A131290","티에스이","11.6640746500778","OK","622"
"2021-09-14","ALL","OP(FY1_1M_CHG)","A131370","알서포트","","BLANK","623"
"2021-09-14","ALL","OP(FY1_1M_CHG)","A131970","두산테스나","-2.37580993520517","OK","624"
"2021-09-14","ALL","OP(FY1_1M_CHG)","A136480","하림","","BLANK","625"
"2021-09-14","ALL","OP(FY1_1M_CHG)","A136490","선진","","BLANK","626"
"2021-09-14","ALL","OP(FY1_1M_CHG)","A137310","에스디바이오센서","-5.19407687460618","OK","627"
"2021-09-14","ALL","OP(FY1_1M_CHG)","A137400","피엔티","","BLANK","628"
"2021-09-14","ALL","OP(FY1_1M_CHG)","A137950","제이씨케미칼","","BLANK","629"
"2021-09-14","ALL","OP(FY1_1M_CHG)","A138040","메리츠금융지주","","BLANK","630"
"2021-09-14","ALL","OP(FY1_1M_CHG)","A138080","오이솔루션","-26.9794721407625","OK","631"
"2021-09-14","ALL","OP(FY1_1M_CHG)","A138610","나이벡","","BLANK","632"
"2021-09-14","ALL","OP(FY1_1M_CHG)","A138930","BNK금융지주",".850333651096289","OK","633"
"2021-09-14","ALL","OP(FY1_1M_CHG)","A139130","iM금융지주",".974909757973833","OK","634"
"2021-09-14","ALL","OP(FY1_1M_CHG)","A139480","이마트",".229837975605314","OK","635"
"2021-09-14","ALL","OP(FY1_1M_CHG)","A139670","키네마스터","","BLANK","636"
"2021-09-14","ALL","OP(FY1_1M_CHG)","A139990","아주스틸","2.4200518582541","OK","637"
"2021-09-14","ALL","OP(FY1_1M_CHG)","A140410","메지온","","BLANK","638"
"2021-09-14","ALL","OP(FY1_1M_CHG)","A140860","파크시스템스","-18.2751540041068","OK","639"
"2021-09-14","ALL","OP(FY1_1M_CHG)","A141080","리가켐바이오","","BLANK","640"
"2021-09-14","ALL","OP(FY1_1M_CHG)","A142760","모아라이프플러스","","BLANK","641"
"2021-09-14","ALL","OP(FY1_1M_CHG)","A143160","아이디스","","BLANK","642"
"2021-09-14","ALL","OP(FY1_1M_CHG)","A143240","사람인","15.1785714285714","OK","643"
"2021-09-14","ALL","OP(FY1_1M_CHG)","A144510","지씨셀","","BLANK","644"
"2021-09-14","ALL","OP(FY1_1M_CHG)","A144960","뉴파워프라즈마","","BLANK","645"
"2021-09-14","ALL","OP(FY1_1M_CHG)","A145020","휴젤","0","OK","646"
"2021-09-14","ALL","OP(FY1_1M_CHG)","A145720","덴티움","0","OK","647"
"2021-09-14","ALL","OP(FY1_1M_CHG)","A145990","삼양사","","BLANK","648"
"2021-09-14","ALL","OP(FY1_1M_CHG)","A148150","세경하이테크","15","OK","649"
"2021-09-14","ALL","OP(FY1_1M_CHG)","A149950","아바텍","","BLANK","650"
"2021-09-14","ALL","OP(FY1_1M_CHG)","A151860","KG에코솔루션","","BLANK","651"
"2021-09-14","ALL","OP(FY1_1M_CHG)","A160550","NEW","-7.07964601769912","OK","652"
"2021-09-14","ALL","OP(FY1_1M_CHG)","A161000","애경케미칼","","BLANK","653"
"2021-09-14","ALL","OP(FY1_1M_CHG)","A161390","한국타이어앤테크놀로지",".205610777536707","OK","654"
"2021-09-14","ALL","OP(FY1_1M_CHG)","A161890","한국콜마","-11.9502269525747","OK","655"
"2021-09-14","ALL","OP(FY1_1M_CHG)","A166090","하나머티리얼즈",".542112918154186","OK","656"
"2021-09-14","ALL","OP(FY1_1M_CHG)","A166480","코아스템켐온","","BLANK","657"
"2021-09-14","ALL","OP(FY1_1M_CHG)","A168330","내츄럴엔도텍","","BLANK","658"
"2021-09-14","ALL","OP(FY1_1M_CHG)","A170900","동아에스티","","BLANK","659"
"2021-09-14","ALL","OP(FY1_1M_CHG)","A174900","앱클론","","BLANK","660"
"2021-09-14","ALL","OP(FY1_1M_CHG)","A175250","아이큐어","","BLANK","661"
"2021-09-14","ALL","OP(FY1_1M_CHG)","A175330","JB금융지주",".425768528080062","OK","662"
"2021-09-14","ALL","OP(FY1_1M_CHG)","A178320","서진시스템","-9.35913270207219","OK","663"
"2021-09-14","ALL","OP(FY1_1M_CHG)","A178920","PI첨단소재",".24749690628867","OK","664"
"2021-09-14","ALL","OP(FY1_1M_CHG)","A180640","한진칼","","BLANK","665"
"2021-09-14","ALL","OP(FY1_1M_CHG)","A181710","NHN","-9.3602582140197","OK","666"
"2021-09-14","ALL","OP(FY1_1M_CHG)","A182400","엔케이젠바이오텍코리아","","BLANK","667"
"2021-09-14","ALL","OP(FY1_1M_CHG)","A183190","아세아시멘트","-1.05580693815988","OK","668"
"2021-09-14","ALL","OP(FY1_1M_CHG)","A183300","코미코","8.67302688638409E-02","OK","669"
"2021-09-14","ALL","OP(FY1_1M_CHG)","A183490","엔지켐생명과학","","BLANK","670"
"2021-09-14","ALL","OP(FY1_1M_CHG)","A185490","아이진","","BLANK","671"
"2021-09-14","ALL","OP(FY1_1M_CHG)","A185750","종근당",".934495462305681","OK","672"
"2021-09-14","ALL","OP(FY1_1M_CHG)","A189300","인텔리안테크","-93.2584269662921","OK","673"
"2021-09-14","ALL","OP(FY1_1M_CHG)","A189330","씨이랩","","BLANK","674"
"2021-09-14","ALL","OP(FY1_1M_CHG)","A192080","더블유게임즈","-3.08624708624709","OK","675"
"2021-09-14","ALL","OP(FY1_1M_CHG)","A192400","쿠쿠홀딩스","","BLANK","676"
"2021-09-14","ALL","OP(FY1_1M_CHG)","A192440","슈피겐코리아","","BLANK","677"
"2021-09-14","ALL","OP(FY1_1M_CHG)","A192650","드림텍","-5.81257413997627","OK","678"
"2021-09-14","ALL","OP(FY1_1M_CHG)","A192820","코스맥스",".166486306501293","OK","679"
"2021-09-14","ALL","OP(FY1_1M_CHG)","A194370","제이에스코퍼레이션","0","OK","680"
"2021-09-14","ALL","OP(FY1_1M_CHG)","A194480","데브시스터즈","-8.44629822732013","OK","681"
"2021-09-14","ALL","OP(FY1_1M_CHG)","A194700","노바렉스","-1.88571428571428","OK","682"
"2021-09-14","ALL","OP(FY1_1M_CHG)","A195870","해성디에스","0","OK","683"
"2021-09-14","ALL","OP(FY1_1M_CHG)","A195940","HK이노엔","","BLANK","684"
"2021-09-14","ALL","OP(FY1_1M_CHG)","A195990","루트K","","BLANK","685"
"2021-09-14","ALL","OP(FY1_1M_CHG)","A196170","알테오젠","7.78443113772455","OK","686"
"2021-09-14","ALL","OP(FY1_1M_CHG)","A199800","툴젠","","BLANK","687"
"2021-09-14","ALL","OP(FY1_1M_CHG)","A200130","콜마비앤에이치","-11.6336633663366","OK","688"
"2021-09-14","ALL","OP(FY1_1M_CHG)","A200230","텔콘RF제약","","BLANK","689"
"2021-09-14","ALL","OP(FY1_1M_CHG)","A200670","휴메딕스","0","OK","690"
"2021-09-14","ALL","OP(FY1_1M_CHG)","A200710","에이디테크놀로지","","BLANK","691"
"2021-09-14","ALL","OP(FY1_1M_CHG)","A203400","에이비온","","BLANK","692"
"2021-09-14","ALL","OP(FY1_1M_CHG)","A203650","드림시큐리티","","BLANK","693"
"2021-09-14","ALL","OP(FY1_1M_CHG)","A204270","제이앤티씨","-72.5419664268585","OK","694"
"2021-09-14","ALL","OP(FY1_1M_CHG)","A204320","HL만도","-3.07578740157201E-03","OK","695"
"2021-09-14","ALL","OP(FY1_1M_CHG)","A205470","휴마시스","","BLANK","696"
"2021-09-14","ALL","OP(FY1_1M_CHG)","A206560","덱스터","0","OK","697"
"2021-09-14","ALL","OP(FY1_1M_CHG)","A206640","바디텍메드","","BLANK","698"
"2021-09-14","ALL","OP(FY1_1M_CHG)","A206650","유바이오로직스","","BLANK","699"
"2021-09-14","ALL","OP(FY1_1M_CHG)","A207940","삼성바이오로직스","5.06559376805702","OK","700"
"2021-09-14","ALL","OP(FY1_1M_CHG)","A208640","썸에이지","","BLANK","701"
"2021-09-14","ALL","OP(FY1_1M_CHG)","A210980","SK디앤디","-2.2419627749577","OK","702"
"2021-09-14","ALL","OP(FY1_1M_CHG)","A213420","덕산네오룩스","5.60852495793628E-02","OK","703"
"2021-09-14","ALL","OP(FY1_1M_CHG)","A213500","한솔제지","0","OK","704"
"2021-09-14","ALL","OP(FY1_1M_CHG)","A214150","클래시스","5.0082553659879","OK","705"
"2021-09-14","ALL","OP(FY1_1M_CHG)","A214180","헥토이노베이션","7.79803646563815","OK","706"
"2021-09-14","ALL","OP(FY1_1M_CHG)","A214260","라파스","","BLANK","707"
"2021-09-14","ALL","OP(FY1_1M_CHG)","A214320","이노션","-.250508846093622","OK","708"
"2021-09-14","ALL","OP(FY1_1M_CHG)","A214330","금호에이치티","","BLANK","709"
"2021-09-14","ALL","OP(FY1_1M_CHG)","A214370","케어젠","","BLANK","710"
"2021-09-14","ALL","OP(FY1_1M_CHG)","A214390","경보제약","","BLANK","711"
"2021-09-14","ALL","OP(FY1_1M_CHG)","A214450","파마리서치","11.9829424307036","OK","712"
"2021-09-14","ALL","OP(FY1_1M_CHG)","A215000","골프존","3.33920877399138","OK","713"
"2021-09-14","ALL","OP(FY1_1M_CHG)","A215200","메가스터디교육","0","OK","714"
"2021-09-14","ALL","OP(FY1_1M_CHG)","A215600","신라젠","","BLANK","715"
"2021-09-14","ALL","OP(FY1_1M_CHG)","A216050","인크로스","8.89679715302472E-02","OK","716"
"2021-09-14","ALL","OP(FY1_1M_CHG)","A216080","제테마","-4.65116279069767","OK","717"
"2021-09-14","ALL","OP(FY1_1M_CHG)","A217270","넵튠","","BLANK","718"
"2021-09-14","ALL","OP(FY1_1M_CHG)","A217330","싸이토젠","","BLANK","719"
"2021-09-14","ALL","OP(FY1_1M_CHG)","A218410","RFHIC","0","OK","720"
"2021-09-14","ALL","OP(FY1_1M_CHG)","A220100","퓨쳐켐","","BLANK","721"
"2021-09-14","ALL","OP(FY1_1M_CHG)","A220260","켐트로스","","BLANK","722"
"2021-09-14","ALL","OP(FY1_1M_CHG)","A222080","SFA넥셀","","BLANK","723"
"2021-09-14","ALL","OP(FY1_1M_CHG)","A222800","심텍","2.31053604436238E-02","OK","724"
"2021-09-14","ALL","OP(FY1_1M_CHG)","A225530","HC보광산업","","BLANK","725"
"2021-09-14","ALL","OP(FY1_1M_CHG)","A225570","넥슨게임즈","","BLANK","726"
"2021-09-14","ALL","OP(FY1_1M_CHG)","A226320","잇츠한불","","BLANK","727"
"2021-09-14","ALL","OP(FY1_1M_CHG)","A226950","올릭스","","BLANK","728"
"2021-09-14","ALL","OP(FY1_1M_CHG)","A228670","레이","2.12277682157201","OK","729"
"2021-09-14","ALL","OP(FY1_1M_CHG)","A228760","지노믹트리","","BLANK","730"
"2021-09-14","ALL","OP(FY1_1M_CHG)","A229640","LS에코에너지","6.30318310746914E-02","OK","731"
"2021-09-14","ALL","OP(FY1_1M_CHG)","A230240","에치에프알","-21.7391304347826","OK","732"
"2021-09-14","ALL","OP(FY1_1M_CHG)","A230360","에코마케팅","-4.51019303626195","OK","733"
"2021-09-14","ALL","OP(FY1_1M_CHG)","A232140","와이씨","","BLANK","734"
"2021-09-14","ALL","OP(FY1_1M_CHG)","A234080","JW생명과학","","BLANK","735"
"2021-09-14","ALL","OP(FY1_1M_CHG)","A234340","헥토파이낸셜","0","OK","736"
"2021-09-14","ALL","OP(FY1_1M_CHG)","A235980","메드팩토","","BLANK","737"
"2021-09-14","ALL","OP(FY1_1M_CHG)","A237690","에스티팜","0","OK","738"
"2021-09-14","ALL","OP(FY1_1M_CHG)","A237880","클리오","-9.75927130774235","OK","739"
"2021-09-14","ALL","OP(FY1_1M_CHG)","A238090","앤디포스","","BLANK","740"
"2021-09-14","ALL","OP(FY1_1M_CHG)","A240810","원익IPS","-2.02114844063713","OK","741"
"2021-09-14","ALL","OP(FY1_1M_CHG)","A241560","두산밥캣","-1.12787710732695","OK","742"
"2021-09-14","ALL","OP(FY1_1M_CHG)","A241590","화승엔터프라이즈","-25.8186244674376","OK","743"
"2021-09-14","ALL","OP(FY1_1M_CHG)","A241690","유니테크노","","BLANK","744"
"2021-09-14","ALL","OP(FY1_1M_CHG)","A241820","피씨엘","","BLANK","745"
"2021-09-14","ALL","OP(FY1_1M_CHG)","A241840","에이스토리","","BLANK","746"
"2021-09-14","ALL","OP(FY1_1M_CHG)","A243070","휴온스","-3.5","OK","747"
"2021-09-14","ALL","OP(FY1_1M_CHG)","A243840","신흥에스이씨","12.9664429530201","OK","748"
"2021-09-14","ALL","OP(FY1_1M_CHG)","A244460","올리패스","","BLANK","749"
"2021-09-14","ALL","OP(FY1_1M_CHG)","A245620","EDGC","","BLANK","750"
"2021-09-14","ALL","OP(FY1_1M_CHG)","A246710","티앤알바이오팹","0","OK","751"
"2021-09-14","ALL","OP(FY1_1M_CHG)","A247540","에코프로비엠","4.87509724263117","OK","752"
"2021-09-14","ALL","OP(FY1_1M_CHG)","A247660","나노씨엠에스","","BLANK","753"
"2021-09-14","ALL","OP(FY1_1M_CHG)","A248070","솔루엠","-24.6721561451662","OK","754"
"2021-09-14","ALL","OP(FY1_1M_CHG)","A249420","일동제약","","BLANK","755"
"2021-09-14","ALL","OP(FY1_1M_CHG)","A251270","넷마블","-10.1989726250081","OK","756"
"2021-09-14","ALL","OP(FY1_1M_CHG)","A251370","와이엠티","","BLANK","757"
"2021-09-14","ALL","OP(FY1_1M_CHG)","A251970","펌텍코리아",".613496932515324","OK","758"
"2021-09-14","ALL","OP(FY1_1M_CHG)","A252990","샘씨엔에스","","BLANK","759"
"2021-09-14","ALL","OP(FY1_1M_CHG)","A253450","스튜디오드래곤","-.640341515474923","OK","760"
"2021-09-14","ALL","OP(FY1_1M_CHG)","A253840","수젠텍","","BLANK","761"
"2021-09-14","ALL","OP(FY1_1M_CHG)","A256840","한국비엔씨","","BLANK","762"
"2021-09-14","ALL","OP(FY1_1M_CHG)","A256940","킵스파마","","BLANK","763"
"2021-09-14","ALL","OP(FY1_1M_CHG)","A259960","크래프톤",".94898371247813","OK","764"
"2021-09-14","ALL","OP(FY1_1M_CHG)","A262260","에이프로","","BLANK","765"
"2021-09-14","ALL","OP(FY1_1M_CHG)","A263050","유틸렉스","","BLANK","766"
"2021-09-14","ALL","OP(FY1_1M_CHG)","A263720","디앤씨미디어",".563380281690149","OK","767"
"2021-09-14","ALL","OP(FY1_1M_CHG)","A263750","펄어비스","-38.5492375659114","OK","768"
"2021-09-14","ALL","OP(FY1_1M_CHG)","A265520","AP시스템","4.83760683760683","OK","769"
"2021-09-14","ALL","OP(FY1_1M_CHG)","A267250","HD현대","1.6247802403666","OK","770"
"2021-09-14","ALL","OP(FY1_1M_CHG)","A267260","HD현대일렉트릭","2.2867737948084","OK","771"
"2021-09-14","ALL","OP(FY1_1M_CHG)","A267270","HD건설기계","1.12885849454307","OK","772"
"2021-09-14","ALL","OP(FY1_1M_CHG)","A267980","매일유업",".162513542795239","OK","773"
"2021-09-14","ALL","OP(FY1_1M_CHG)","A268280","미원에스씨","","BLANK","774"
"2021-09-14","ALL","OP(FY1_1M_CHG)","A270870","뉴트리","-4.93506493506493","OK","775"
"2021-09-14","ALL","OP(FY1_1M_CHG)","A271560","오리온","-2.13859544902757","OK","776"
"2021-09-14","ALL","OP(FY1_1M_CHG)","A271940","일진하이솔루스","","BLANK","777"
"2021-09-14","ALL","OP(FY1_1M_CHG)","A271980","제일약품","","BLANK","778"
"2021-09-14","ALL","OP(FY1_1M_CHG)","A272210","한화시스템","0","OK","779"
"2021-09-14","ALL","OP(FY1_1M_CHG)","A272290","이녹스첨단소재","4.1336733324386","OK","780"
"2021-09-14","ALL","OP(FY1_1M_CHG)","A272450","진에어","-.949184540353454","OK","781"
"2021-09-14","ALL","OP(FY1_1M_CHG)","A272550","삼양패키징","-2.28276877761415","OK","782"
"2021-09-14","ALL","OP(FY1_1M_CHG)","A273640","와이엠텍","","BLANK","783"
"2021-09-14","ALL","OP(FY1_1M_CHG)","A277810","레인보우로보틱스","","BLANK","784"
"2021-09-14","ALL","OP(FY1_1M_CHG)","A278280","천보","-3.7917606066817","OK","785"
"2021-09-14","ALL","OP(FY1_1M_CHG)","A280360","롯데웰푸드",".318235642391953","OK","786"
"2021-09-14","ALL","OP(FY1_1M_CHG)","A281740","레이크머티리얼즈","12.5","OK","787"
"2021-09-14","ALL","OP(FY1_1M_CHG)","A281820","케이씨텍","-6.02759622367464","OK","788"
"2021-09-14","ALL","OP(FY1_1M_CHG)","A282330","BGF리테일","8.90780422625856E-02","OK","789"
"2021-09-14","ALL","OP(FY1_1M_CHG)","A284620","카이노스메드","","BLANK","790"
"2021-09-14","ALL","OP(FY1_1M_CHG)","A284740","쿠쿠홈시스","2.26869004720093","OK","791"
"2021-09-14","ALL","OP(FY1_1M_CHG)","A285130","SK케미칼","-1.11493362632613","OK","792"
"2021-09-14","ALL","OP(FY1_1M_CHG)","A285490","노바텍","","BLANK","793"
"2021-09-14","ALL","OP(FY1_1M_CHG)","A286940","롯데이노베이트","-.219429483343306","OK","794"
"2021-09-14","ALL","OP(FY1_1M_CHG)","A288330","파라택시스코리아","","BLANK","795"
"2021-09-14","ALL","OP(FY1_1M_CHG)","A289220","자이언트스텝","-8.38852097130242","OK","796"
"2021-09-14","ALL","OP(FY1_1M_CHG)","A290550","디케이티","","BLANK","797"
"2021-09-14","ALL","OP(FY1_1M_CHG)","A290650","엘앤씨바이오","","BLANK","798"
"2021-09-14","ALL","OP(FY1_1M_CHG)","A290670","대보마그네틱","","BLANK","799"
"2021-09-14","ALL","OP(FY1_1M_CHG)","A290720","푸드나무","0","OK","800"
"2021-09-14","ALL","OP(FY1_1M_CHG)","A293480","하나제약","4.41176470588235","OK","801"
"2021-09-14","ALL","OP(FY1_1M_CHG)","A293490","카카오게임즈","0","OK","802"
"2021-09-14","ALL","OP(FY1_1M_CHG)","A293780","압타바이오","0","OK","803"
"2021-09-14","ALL","OP(FY1_1M_CHG)","A294090","이오플로우","","BLANK","804"
"2021-09-14","ALL","OP(FY1_1M_CHG)","A294140","레몬","","BLANK","805"
"2021-09-14","ALL","OP(FY1_1M_CHG)","A294570","쿠콘","-1.01190476190477","OK","806"
"2021-09-14","ALL","OP(FY1_1M_CHG)","A294870","IPARK현대산업개발","-1.16543898885857","OK","807"
"2021-09-14","ALL","OP(FY1_1M_CHG)","A297890","HB솔루션","0","OK","808"
"2021-09-14","ALL","OP(FY1_1M_CHG)","A298000","효성화학","-2.20702630341183","OK","809"
"2021-09-14","ALL","OP(FY1_1M_CHG)","A298020","효성티앤씨",".246393160363351","OK","810"
"2021-09-14","ALL","OP(FY1_1M_CHG)","A298040","효성중공업","-2.49444855662473","OK","811"
"2021-09-14","ALL","OP(FY1_1M_CHG)","A298050","HS효성첨단소재",".109585208328482","OK","812"
"2021-09-14","ALL","OP(FY1_1M_CHG)","A298060","풍전약품","","BLANK","813"
"2021-09-14","ALL","OP(FY1_1M_CHG)","A298380","에이비엘바이오","","BLANK","814"
"2021-09-14","ALL","OP(FY1_1M_CHG)","A298540","더네이쳐홀딩스",".477255779269213","OK","815"
"2021-09-14","ALL","OP(FY1_1M_CHG)","A299030","하나기술","-8.72093023255814","OK","816"
"2021-09-14","ALL","OP(FY1_1M_CHG)","A299660","셀리드","","BLANK","817"
"2021-09-14","ALL","OP(FY1_1M_CHG)","A299900","위지윅스튜디오","","BLANK","818"
"2021-09-14","ALL","OP(FY1_1M_CHG)","A300720","한일시멘트","2.2969023962595","OK","819"
"2021-09-14","ALL","OP(FY1_1M_CHG)","A302440","SK바이오사이언스","3.76154492023508","OK","820"
"2021-09-14","ALL","OP(FY1_1M_CHG)","A305090","마이크로디지탈","","BLANK","821"
"2021-09-14","ALL","OP(FY1_1M_CHG)","A306200","세아제강","51.4533085961657","OK","822"
"2021-09-14","ALL","OP(FY1_1M_CHG)","A307750","국전","","BLANK","823"
"2021-09-14","ALL","OP(FY1_1M_CHG)","A307950","현대오토에버","3.11218940851669","OK","824"
"2021-09-14","ALL","OP(FY1_1M_CHG)","A308080","바이젠셀","","BLANK","825"
"2021-09-14","ALL","OP(FY1_1M_CHG)","A314130","지놈앤컴퍼니","","BLANK","826"
"2021-09-14","ALL","OP(FY1_1M_CHG)","A314930","바이오다인","","BLANK","827"
"2021-09-14","ALL","OP(FY1_1M_CHG)","A316140","우리금융지주","7.91160990570261E-02","OK","828"
"2021-09-14","ALL","OP(FY1_1M_CHG)","A317330","덕산테코피아","-.383141762452113","OK","829"
"2021-09-14","ALL","OP(FY1_1M_CHG)","A317400","자이에스앤디","0","OK","830"
"2021-09-14","ALL","OP(FY1_1M_CHG)","A318020","포인트모바일","0","OK","831"
"2021-09-14","ALL","OP(FY1_1M_CHG)","A319400","현대무벡스","","BLANK","832"
"2021-09-14","ALL","OP(FY1_1M_CHG)","A319660","피에스케이","3.15186246418339","OK","833"
"2021-09-14","ALL","OP(FY1_1M_CHG)","A321550","티움바이오","","BLANK","834"
"2021-09-14","ALL","OP(FY1_1M_CHG)","A322000","HD현대에너지솔루션","0","OK","835"
"2021-09-14","ALL","OP(FY1_1M_CHG)","A322310","오로스테크놀로지","","BLANK","836"
"2021-09-14","ALL","OP(FY1_1M_CHG)","A323410","카카오뱅크","1.84377629867646","OK","837"
"2021-09-14","ALL","OP(FY1_1M_CHG)","A323990","박셀바이오","","BLANK","838"
"2021-09-14","ALL","OP(FY1_1M_CHG)","A326030","SK바이오팜","-1.07438016528926","OK","839"
"2021-09-14","ALL","OP(FY1_1M_CHG)","A330860","네패스아크","0","OK","840"
"2021-09-14","ALL","OP(FY1_1M_CHG)","A332570","PS일렉트로닉스","-61.2903225806452","OK","841"
"2021-09-14","ALL","OP(FY1_1M_CHG)","A334970","프레스티지바이오로직스","","BLANK","842"
"2021-09-14","ALL","OP(FY1_1M_CHG)","A336260","두산퓨얼셀","-.666666666666666","OK","843"
"2021-09-14","ALL","OP(FY1_1M_CHG)","A336370","솔루스첨단소재","-1.02286401925392","OK","844"
"2021-09-14","ALL","OP(FY1_1M_CHG)","A339770","교촌에프앤비","-9.6192384769539","OK","845"
"2021-09-14","ALL","OP(FY1_1M_CHG)","A340570","티앤엘","6.80018630647415","OK","846"
"2021-09-14","ALL","OP(FY1_1M_CHG)","A344820","KCC글라스","28.6206896551724","OK","847"
"2021-09-14","ALL","OP(FY1_1M_CHG)","A347860","알체라","","BLANK","848"
"2021-09-14","ALL","OP(FY1_1M_CHG)","A348150","고바이오랩","","BLANK","849"
"2021-09-14","ALL","OP(FY1_1M_CHG)","A348210","넥스틴","5.26315789473685","OK","850"
"2021-09-14","ALL","OP(FY1_1M_CHG)","A352820","하이브","1.84475994769288","OK","851"
"2021-09-14","ALL","OP(FY1_1M_CHG)","A353200","대덕전자","45.7831325301205","OK","852"
"2021-09-14","ALL","OP(FY1_1M_CHG)","A354200","엔젠바이오","","BLANK","853"
"2021-09-14","ALL","OP(FY1_1M_CHG)","A357230","에이치피오","-2.12360468282057","OK","854"
"2021-09-14","ALL","OP(FY1_1M_CHG)","A357780","솔브레인","-9.08972691807542","OK","855"
"2021-09-14","ALL","OP(FY1_1M_CHG)","A361610","SK아이이테크놀로지","-1.07790821771612","OK","856"
"2021-09-14","ALL","OP(FY1_1M_CHG)","A363280","티와이홀딩스","-45.7142857142857","OK","857"
"2021-09-14","ALL","OP(FY1_1M_CHG)","A365270","큐라클","","BLANK","858"
"2021-09-14","ALL","OP(FY1_1M_CHG)","A372910","한컴라이프케어","0","OK","859"
"2021-09-14","ALL","OP(FY1_1M_CHG)","A375500","DL이앤씨",".766349359084498","OK","860"
"2021-09-14","ALL","OP(FY1_1M_CHG)","A376980","원티드랩","92.1428571428572","OK","861"
"2021-09-14","ALL","OP(FY1_1M_CHG)","A377030","비트맥스","","BLANK","862"
"2021-09-14","ALL","OP(FY1_1M_CHG)","A383220","F&F","10.8376056768411","OK","863"
"2021-09-14","ALL","OP(FY1_1M_CHG)","A383310","에코프로에이치엔","4.71754807692308","OK","864"
"2021-09-14","ALL","OP(FY1_1M_CHG)","A383800","LX홀딩스","","BLANK","865"
"2021-09-14","ALL","OP(FY1_1M_CHG)","A900140","엘브이엠씨홀딩스","","BLANK","866"
"2021-09-14","ALL","OP(FY1_1M_CHG)","A950130","엑세스바이오","","BLANK","867"
"2021-09-14","ALL","OP(FY1_1M_CHG)","A950160","코오롱티슈진","","BLANK","868"
"2021-09-14","ALL","OP(FY1_1M_CHG)","A950190","고스트스튜디오","-5.19598906107566","OK","869"
"2021-09-14","ALL","OP(FY1_1M_CHG)","A950210","프레스티지바이오파마","0","OK","870"
"2021-09-14","ALL","OP(FY1_1M_CHG)","A950220","네오이뮨텍","","BLANK","871"
