Date,Universe,Factor,StockCode,StockName,FactorValue,ValueStatus,SourceRow
"2023-01-17","ALL","OP(FY1_1M_CHG)","A000020","동화약품","","BLANK","14"
"2023-01-17","ALL","OP(FY1_1M_CHG)","A000050","경방","","BLANK","15"
"2023-01-17","ALL","OP(FY1_1M_CHG)","A000070","삼양홀딩스","","BLANK","16"
"2023-01-17","ALL","OP(FY1_1M_CHG)","A000080","하이트진로","16.2160806540603","OK","17"
"2023-01-17","ALL","OP(FY1_1M_CHG)","A000100","유한양행","94.9816079873883","OK","18"
"2023-01-17","ALL","OP(FY1_1M_CHG)","A000120","CJ대한통운","11.0930007322892","OK","19"
"2023-01-17","ALL","OP(FY1_1M_CHG)","A000150","두산","13.1820559533902","OK","20"
"2023-01-17","ALL","OP(FY1_1M_CHG)","A000210","DL","39.5491438312597","OK","21"
"2023-01-17","ALL","OP(FY1_1M_CHG)","A000240","한국앤컴퍼니","-11.2168874172185","OK","22"
"2023-01-17","ALL","OP(FY1_1M_CHG)","A000250","삼천당제약","","BLANK","23"
"2023-01-17","ALL","OP(FY1_1M_CHG)","A000270","기아","11.8131198532953","OK","24"
"2023-01-17","ALL","OP(FY1_1M_CHG)","A000370","한화손해보험","-12.020820144897","OK","25"
"2023-01-17","ALL","OP(FY1_1M_CHG)","A000400","롯데손해보험","","BLANK","26"
"2023-01-17","ALL","OP(FY1_1M_CHG)","A000480","CR홀딩스","","BLANK","27"
"2023-01-17","ALL","OP(FY1_1M_CHG)","A000490","대동","","BLANK","28"
"2023-01-17","ALL","OP(FY1_1M_CHG)","A000640","동아쏘시오홀딩스","17.0631524901592","OK","29"
"2023-01-17","ALL","OP(FY1_1M_CHG)","A000660","SK하이닉스","-148.975560666356","OK","30"
"2023-01-17","ALL","OP(FY1_1M_CHG)","A000670","영풍","-2.15784215784216","OK","31"
"2023-01-17","ALL","OP(FY1_1M_CHG)","A000720","현대건설","13.0413845848795","OK","32"
"2023-01-17","ALL","OP(FY1_1M_CHG)","A000810","삼성화재","-.461824686084841","OK","33"
"2023-01-17","ALL","OP(FY1_1M_CHG)","A000880","한화","7.56047726945292","OK","34"
"2023-01-17","ALL","OP(FY1_1M_CHG)","A000990","DB하이텍","-34.8678675706438","OK","35"
"2023-01-17","ALL","OP(FY1_1M_CHG)","A001040","CJ","9.47232580622884","OK","36"
"2023-01-17","ALL","OP(FY1_1M_CHG)","A001060","JW중외제약","13.8590669529573","OK","37"
"2023-01-17","ALL","OP(FY1_1M_CHG)","A001070","대한방직","","BLANK","38"
"2023-01-17","ALL","OP(FY1_1M_CHG)","A001120","LX인터내셔널","-24.4868508497104","OK","39"
"2023-01-17","ALL","OP(FY1_1M_CHG)","A001200","유진투자증권","","BLANK","40"
"2023-01-17","ALL","OP(FY1_1M_CHG)","A001230","동국홀딩스","-23.4340594404289","OK","41"
"2023-01-17","ALL","OP(FY1_1M_CHG)","A001390","KG케미칼","","BLANK","42"
"2023-01-17","ALL","OP(FY1_1M_CHG)","A001430","세아베스틸지주","2.20583863487723","OK","43"
"2023-01-17","ALL","OP(FY1_1M_CHG)","A001440","대한전선","","BLANK","44"
"2023-01-17","ALL","OP(FY1_1M_CHG)","A001450","현대해상","-.988795309433311","OK","45"
"2023-01-17","ALL","OP(FY1_1M_CHG)","A001470","삼부토건","","BLANK","46"
"2023-01-17","ALL","OP(FY1_1M_CHG)","A001500","현대차증권","","BLANK","47"
"2023-01-17","ALL","OP(FY1_1M_CHG)","A001510","SK증권","","BLANK","48"
"2023-01-17","ALL","OP(FY1_1M_CHG)","A001530","DI동일","2.70758122743682","OK","49"
"2023-01-17","ALL","OP(FY1_1M_CHG)","A001570","금양","","BLANK","50"
"2023-01-17","ALL","OP(FY1_1M_CHG)","A001630","종근당홀딩스","","BLANK","51"
"2023-01-17","ALL","OP(FY1_1M_CHG)","A001680","대상","9.40416826492777","OK","52"
"2023-01-17","ALL","OP(FY1_1M_CHG)","A001720","신영증권","","BLANK","53"
"2023-01-17","ALL","OP(FY1_1M_CHG)","A001740","SK네트웍스","14.2382103990326","OK","54"
"2023-01-17","ALL","OP(FY1_1M_CHG)","A001780","알루코","","BLANK","55"
"2023-01-17","ALL","OP(FY1_1M_CHG)","A001800","오리온홀딩스","","BLANK","56"
"2023-01-17","ALL","OP(FY1_1M_CHG)","A001820","삼화콘덴서","15.3974060525441","OK","57"
"2023-01-17","ALL","OP(FY1_1M_CHG)","A001940","KISCO홀딩스","","BLANK","58"
"2023-01-17","ALL","OP(FY1_1M_CHG)","A002020","코오롱","","BLANK","59"
"2023-01-17","ALL","OP(FY1_1M_CHG)","A002030","아세아","","BLANK","60"
"2023-01-17","ALL","OP(FY1_1M_CHG)","A002150","도화엔지니어링","","BLANK","61"
"2023-01-17","ALL","OP(FY1_1M_CHG)","A002240","고려제강","","BLANK","62"
"2023-01-17","ALL","OP(FY1_1M_CHG)","A002310","아세아제지","","BLANK","63"
"2023-01-17","ALL","OP(FY1_1M_CHG)","A002320","한진","13.0985802518649","OK","64"
"2023-01-17","ALL","OP(FY1_1M_CHG)","A002350","넥센타이어","454.554630330558","OK","65"
"2023-01-17","ALL","OP(FY1_1M_CHG)","A002380","KCC","2.46831220813877","OK","66"
"2023-01-17","ALL","OP(FY1_1M_CHG)","A002710","TCC스틸","","BLANK","67"
"2023-01-17","ALL","OP(FY1_1M_CHG)","A002790","아모레퍼시픽홀딩스","62.6032641547451","OK","68"
"2023-01-17","ALL","OP(FY1_1M_CHG)","A002840","미원상사","","BLANK","69"
"2023-01-17","ALL","OP(FY1_1M_CHG)","A002900","TYM","7.79742765273311","OK","70"
"2023-01-17","ALL","OP(FY1_1M_CHG)","A002960","한국쉘석유","","BLANK","71"
"2023-01-17","ALL","OP(FY1_1M_CHG)","A002990","금호건설","36.277382447328","OK","72"
"2023-01-17","ALL","OP(FY1_1M_CHG)","A003000","부광약품","","BLANK","73"
"2023-01-17","ALL","OP(FY1_1M_CHG)","A003030","세아제강지주","","BLANK","74"
"2023-01-17","ALL","OP(FY1_1M_CHG)","A003070","코오롱글로벌","4.69745222929937","OK","75"
"2023-01-17","ALL","OP(FY1_1M_CHG)","A003090","대웅","17.7186654643823","OK","76"
"2023-01-17","ALL","OP(FY1_1M_CHG)","A003100","선광","","BLANK","77"
"2023-01-17","ALL","OP(FY1_1M_CHG)","A003220","대원제약","2.13924542979386","OK","78"
"2023-01-17","ALL","OP(FY1_1M_CHG)","A003230","삼양식품","24.191124912351","OK","79"
"2023-01-17","ALL","OP(FY1_1M_CHG)","A003240","태광산업","","BLANK","80"
"2023-01-17","ALL","OP(FY1_1M_CHG)","A003280","흥아해운","","BLANK","81"
"2023-01-17","ALL","OP(FY1_1M_CHG)","A003300","한일홀딩스","","BLANK","82"
"2023-01-17","ALL","OP(FY1_1M_CHG)","A003380","하림지주","3.88257575757576","OK","83"
"2023-01-17","ALL","OP(FY1_1M_CHG)","A003470","유안타증권","","BLANK","84"
"2023-01-17","ALL","OP(FY1_1M_CHG)","A003490","대한항공","-37.088348405896","OK","85"
"2023-01-17","ALL","OP(FY1_1M_CHG)","A003520","영진약품","","BLANK","86"
"2023-01-17","ALL","OP(FY1_1M_CHG)","A003530","한화투자증권","","BLANK","87"
"2023-01-17","ALL","OP(FY1_1M_CHG)","A003540","대신증권","-33.3333333333333","OK","88"
"2023-01-17","ALL","OP(FY1_1M_CHG)","A003550","LG","12.2330752610731","OK","89"
"2023-01-17","ALL","OP(FY1_1M_CHG)","A003570","SNT다이내믹스","28.2157676348548","OK","90"
"2023-01-17","ALL","OP(FY1_1M_CHG)","A003580","HLB글로벌","","BLANK","91"
"2023-01-17","ALL","OP(FY1_1M_CHG)","A003620","KG모빌리티","","BLANK","92"
"2023-01-17","ALL","OP(FY1_1M_CHG)","A003670","포스코퓨처엠","92.2021236412473","OK","93"
"2023-01-17","ALL","OP(FY1_1M_CHG)","A003690","코리안리","47.1910112359551","OK","94"
"2023-01-17","ALL","OP(FY1_1M_CHG)","A003800","에이스침대","","BLANK","95"
"2023-01-17","ALL","OP(FY1_1M_CHG)","A003850","보령","8.72221279484133","OK","96"
"2023-01-17","ALL","OP(FY1_1M_CHG)","A003920","남양유업","","BLANK","97"
"2023-01-17","ALL","OP(FY1_1M_CHG)","A003960","사조대림","","BLANK","98"
"2023-01-17","ALL","OP(FY1_1M_CHG)","A004000","롯데정밀화학","-30.3389868888839","OK","99"
"2023-01-17","ALL","OP(FY1_1M_CHG)","A004020","현대제철","-26.8229482975019","OK","100"
"2023-01-17","ALL","OP(FY1_1M_CHG)","A004170","신세계","6.07177363699103","OK","101"
"2023-01-17","ALL","OP(FY1_1M_CHG)","A004360","세방","","BLANK","102"
"2023-01-17","ALL","OP(FY1_1M_CHG)","A004370","농심","45.07396598571","OK","103"
"2023-01-17","ALL","OP(FY1_1M_CHG)","A004380","삼익THK","","BLANK","104"
"2023-01-17","ALL","OP(FY1_1M_CHG)","A004430","송원산업","-4.9412915851272","OK","105"
"2023-01-17","ALL","OP(FY1_1M_CHG)","A004490","세방전지","14.1176470588235","OK","106"
"2023-01-17","ALL","OP(FY1_1M_CHG)","A004690","삼천리","-29.5384615384615","OK","107"
"2023-01-17","ALL","OP(FY1_1M_CHG)","A004700","조광피혁","","BLANK","108"
"2023-01-17","ALL","OP(FY1_1M_CHG)","A004800","효성","106.410256410256","OK","109"
"2023-01-17","ALL","OP(FY1_1M_CHG)","A004890","동일산업","","BLANK","110"
"2023-01-17","ALL","OP(FY1_1M_CHG)","A004990","롯데지주","24.7959183673469","OK","111"
"2023-01-17","ALL","OP(FY1_1M_CHG)","A005010","휴스틸","","BLANK","112"
"2023-01-17","ALL","OP(FY1_1M_CHG)","A005070","코스모신소재","24.0506329113924","OK","113"
"2023-01-17","ALL","OP(FY1_1M_CHG)","A005090","SGC에너지","-1.46168885578623","OK","114"
"2023-01-17","ALL","OP(FY1_1M_CHG)","A005180","빙그레","11.6809116809117","OK","115"
"2023-01-17","ALL","OP(FY1_1M_CHG)","A005250","녹십자홀딩스","","BLANK","116"
"2023-01-17","ALL","OP(FY1_1M_CHG)","A005290","동진쎄미켐","-37.1212121212121","OK","117"
"2023-01-17","ALL","OP(FY1_1M_CHG)","A005300","롯데칠성","16.1634024492683","OK","118"
"2023-01-17","ALL","OP(FY1_1M_CHG)","A005380","현대차","6.1196514979979","OK","119"
"2023-01-17","ALL","OP(FY1_1M_CHG)","A005420","코스모화학","56.9230769230769","OK","120"
"2023-01-17","ALL","OP(FY1_1M_CHG)","A005440","현대지에프홀딩스","16.3968861979488","OK","121"
"2023-01-17","ALL","OP(FY1_1M_CHG)","A005490","POSCO홀딩스","-7.28976182413366","OK","122"
"2023-01-17","ALL","OP(FY1_1M_CHG)","A005500","삼진제약","91.2568306010929","OK","123"
"2023-01-17","ALL","OP(FY1_1M_CHG)","A005610","삼립","11.9150779896014","OK","124"
"2023-01-17","ALL","OP(FY1_1M_CHG)","A005690","파미셀","43.6241610738255","OK","125"
"2023-01-17","ALL","OP(FY1_1M_CHG)","A005810","풍산홀딩스","2.73291925465839","OK","126"
"2023-01-17","ALL","OP(FY1_1M_CHG)","A005830","DB손해보험","-1.9802612157623","OK","127"
"2023-01-17","ALL","OP(FY1_1M_CHG)","A005850","에스엘","13.7983139812311","OK","128"
"2023-01-17","ALL","OP(FY1_1M_CHG)","A005880","대한해운","13.6076501587966","OK","129"
"2023-01-17","ALL","OP(FY1_1M_CHG)","A005930","삼성전자","-52.8806502897302","OK","130"
"2023-01-17","ALL","OP(FY1_1M_CHG)","A005940","NH투자증권","30.3127117823603","OK","131"
"2023-01-17","ALL","OP(FY1_1M_CHG)","A005950","이수화학","","BLANK","132"
"2023-01-17","ALL","OP(FY1_1M_CHG)","A006040","동원산업","","BLANK","133"
"2023-01-17","ALL","OP(FY1_1M_CHG)","A006110","삼아알미늄","10.0877192982456","OK","134"
"2023-01-17","ALL","OP(FY1_1M_CHG)","A006120","SK디스커버리","","BLANK","135"
"2023-01-17","ALL","OP(FY1_1M_CHG)","A006220","제주은행","","BLANK","136"
"2023-01-17","ALL","OP(FY1_1M_CHG)","A006260","LS","32.9375818419904","OK","137"
"2023-01-17","ALL","OP(FY1_1M_CHG)","A006280","녹십자","1.88483649043445","OK","138"
"2023-01-17","ALL","OP(FY1_1M_CHG)","A006360","GS건설","10.5399234436908","OK","139"
"2023-01-17","ALL","OP(FY1_1M_CHG)","A006400","삼성SDI","25.5440730110879","OK","140"
"2023-01-17","ALL","OP(FY1_1M_CHG)","A006650","대한유화","147.049231734086","OK","141"
"2023-01-17","ALL","OP(FY1_1M_CHG)","A006730","서부T&D","","BLANK","142"
"2023-01-17","ALL","OP(FY1_1M_CHG)","A006740","블루산업개발","","BLANK","143"
"2023-01-17","ALL","OP(FY1_1M_CHG)","A006800","미래에셋증권","-7.20545874277309","OK","144"
"2023-01-17","ALL","OP(FY1_1M_CHG)","A007070","GS리테일","51.7732490044507","OK","145"
"2023-01-17","ALL","OP(FY1_1M_CHG)","A007310","오뚜기","10.8348599842973","OK","146"
"2023-01-17","ALL","OP(FY1_1M_CHG)","A007340","DN오토모티브","-9.46291560102302","OK","147"
"2023-01-17","ALL","OP(FY1_1M_CHG)","A007390","네이처셀","","BLANK","148"
"2023-01-17","ALL","OP(FY1_1M_CHG)","A007460","에이프로젠","","BLANK","149"
"2023-01-17","ALL","OP(FY1_1M_CHG)","A007570","일양약품","","BLANK","150"
"2023-01-17","ALL","OP(FY1_1M_CHG)","A007660","이수페타시스","13.0644751334406","OK","151"
"2023-01-17","ALL","OP(FY1_1M_CHG)","A007690","국도화학","","BLANK","152"
"2023-01-17","ALL","OP(FY1_1M_CHG)","A007700","F&F홀딩스","","BLANK","153"
"2023-01-17","ALL","OP(FY1_1M_CHG)","A007810","코리아써키트","-.520059435364033","OK","154"
"2023-01-17","ALL","OP(FY1_1M_CHG)","A008350","남선알미늄","","BLANK","155"
"2023-01-17","ALL","OP(FY1_1M_CHG)","A008490","서흥","8.53641745835055","OK","156"
"2023-01-17","ALL","OP(FY1_1M_CHG)","A008730","율촌화학","","BLANK","157"
"2023-01-17","ALL","OP(FY1_1M_CHG)","A008770","호텔신라","100.593975392448","OK","158"
"2023-01-17","ALL","OP(FY1_1M_CHG)","A008930","한미사이언스","","BLANK","159"
"2023-01-17","ALL","OP(FY1_1M_CHG)","A009150","삼성전기","-14.7090241976685","OK","160"
"2023-01-17","ALL","OP(FY1_1M_CHG)","A009160","SIMPAC","","BLANK","161"
"2023-01-17","ALL","OP(FY1_1M_CHG)","A009240","한샘","416.691068814056","OK","162"
"2023-01-17","ALL","OP(FY1_1M_CHG)","A009290","광동제약","","BLANK","163"
"2023-01-17","ALL","OP(FY1_1M_CHG)","A009420","한올바이오파마","-19.9043062200957","OK","164"
"2023-01-17","ALL","OP(FY1_1M_CHG)","A009450","경동나비엔","","BLANK","165"
"2023-01-17","ALL","OP(FY1_1M_CHG)","A009520","포스코엠텍","37.8048780487805","OK","166"
"2023-01-17","ALL","OP(FY1_1M_CHG)","A009540","HD한국조선해양","358.045644114921","OK","167"
"2023-01-17","ALL","OP(FY1_1M_CHG)","A009580","무림P&P","101.388888888889","OK","168"
"2023-01-17","ALL","OP(FY1_1M_CHG)","A009680","모토닉","6.66666666666667","OK","169"
"2023-01-17","ALL","OP(FY1_1M_CHG)","A009830","한화솔루션","13.3851887862583","OK","170"
"2023-01-17","ALL","OP(FY1_1M_CHG)","A009900","명신산업","21.25","OK","171"
"2023-01-17","ALL","OP(FY1_1M_CHG)","A009970","영원무역홀딩스","-17.8012977342836","OK","172"
"2023-01-17","ALL","OP(FY1_1M_CHG)","A010060","OCI홀딩스","10.1388519444592","OK","173"
"2023-01-17","ALL","OP(FY1_1M_CHG)","A010120","LS ELECTRIC","7.84147604254918","OK","174"
"2023-01-17","ALL","OP(FY1_1M_CHG)","A010130","고려아연","-6.37307078233103","OK","175"
"2023-01-17","ALL","OP(FY1_1M_CHG)","A010140","삼성중공업","119.926870719105","OK","176"
"2023-01-17","ALL","OP(FY1_1M_CHG)","A010690","화신","35.907029478458","OK","177"
"2023-01-17","ALL","OP(FY1_1M_CHG)","A010780","아이에스동서","-4.68260745801309","OK","178"
"2023-01-17","ALL","OP(FY1_1M_CHG)","A010950","S-Oil","-44.2548478534287","OK","179"
"2023-01-17","ALL","OP(FY1_1M_CHG)","A011000","진원생명과학","","BLANK","180"
"2023-01-17","ALL","OP(FY1_1M_CHG)","A011070","LG이노텍",".588813723980228","OK","181"
"2023-01-17","ALL","OP(FY1_1M_CHG)","A011170","롯데케미칼","252.520395606399","OK","182"
"2023-01-17","ALL","OP(FY1_1M_CHG)","A011200","HMM","-72.2024298713772","OK","183"
"2023-01-17","ALL","OP(FY1_1M_CHG)","A011210","현대위아","18.4309849029475","OK","184"
"2023-01-17","ALL","OP(FY1_1M_CHG)","A011780","금호석유화학","-28.6155482867033","OK","185"
"2023-01-17","ALL","OP(FY1_1M_CHG)","A011790","SKC","-17.3455308938212","OK","186"
"2023-01-17","ALL","OP(FY1_1M_CHG)","A011930","신성이엔지","80.7692307692308","OK","187"
"2023-01-17","ALL","OP(FY1_1M_CHG)","A012330","현대모비스","32.0513582595257","OK","188"
"2023-01-17","ALL","OP(FY1_1M_CHG)","A012450","한화에어로스페이스","40.3745584973852","OK","189"
"2023-01-17","ALL","OP(FY1_1M_CHG)","A012510","더존비즈온","16.9588414634146","OK","190"
"2023-01-17","ALL","OP(FY1_1M_CHG)","A012630","HDC","","BLANK","191"
"2023-01-17","ALL","OP(FY1_1M_CHG)","A012750","에스원","4.59044613398364","OK","192"
"2023-01-17","ALL","OP(FY1_1M_CHG)","A013030","하이록코리아","19.1780821917808","OK","193"
"2023-01-17","ALL","OP(FY1_1M_CHG)","A013120","동원개발","","BLANK","194"
"2023-01-17","ALL","OP(FY1_1M_CHG)","A013890","지누스","51.5243902439025","OK","195"
"2023-01-17","ALL","OP(FY1_1M_CHG)","A014620","성광벤드","54.4547643618851","OK","196"
"2023-01-17","ALL","OP(FY1_1M_CHG)","A014680","한솔케미칼","19.7004549404488","OK","197"
"2023-01-17","ALL","OP(FY1_1M_CHG)","A014820","동원시스템즈","11.9838872104733","OK","198"
"2023-01-17","ALL","OP(FY1_1M_CHG)","A014830","유니드","","BLANK","199"
"2023-01-17","ALL","OP(FY1_1M_CHG)","A015750","성우하이텍","","BLANK","200"
"2023-01-17","ALL","OP(FY1_1M_CHG)","A015760","한국전력","65.9022361925199","OK","201"
"2023-01-17","ALL","OP(FY1_1M_CHG)","A016360","삼성증권","4.8234008283479","OK","202"
"2023-01-17","ALL","OP(FY1_1M_CHG)","A016380","KG스틸","","BLANK","203"
"2023-01-17","ALL","OP(FY1_1M_CHG)","A016580","환인제약","-21.9424460431655","OK","204"
"2023-01-17","ALL","OP(FY1_1M_CHG)","A016590","신대양제지","","BLANK","205"
"2023-01-17","ALL","OP(FY1_1M_CHG)","A016710","대성홀딩스","","BLANK","206"
"2023-01-17","ALL","OP(FY1_1M_CHG)","A016790","현대사료","","BLANK","207"
"2023-01-17","ALL","OP(FY1_1M_CHG)","A016800","퍼시스","","BLANK","208"
"2023-01-17","ALL","OP(FY1_1M_CHG)","A017390","서울가스","60.8695652173913","OK","209"
"2023-01-17","ALL","OP(FY1_1M_CHG)","A017670","SK텔레콤","7.21550161675889","OK","210"
"2023-01-17","ALL","OP(FY1_1M_CHG)","A017800","현대엘리베이터","","BLANK","211"
"2023-01-17","ALL","OP(FY1_1M_CHG)","A017810","풀무원","21.2255772646536","OK","212"
"2023-01-17","ALL","OP(FY1_1M_CHG)","A017940","E1","","BLANK","213"
"2023-01-17","ALL","OP(FY1_1M_CHG)","A017960","한국카본","154.133858267717","OK","214"
"2023-01-17","ALL","OP(FY1_1M_CHG)","A018250","애경산업","25.5674406470128","OK","215"
"2023-01-17","ALL","OP(FY1_1M_CHG)","A018260","삼성에스디에스",".524233750361816","OK","216"
"2023-01-17","ALL","OP(FY1_1M_CHG)","A018310","삼목에스폼","","BLANK","217"
"2023-01-17","ALL","OP(FY1_1M_CHG)","A018470","조일알미늄","","BLANK","218"
"2023-01-17","ALL","OP(FY1_1M_CHG)","A018670","SK가스","-12.270278833967","OK","219"
"2023-01-17","ALL","OP(FY1_1M_CHG)","A018880","한온시스템","64.1616270559686","OK","220"
"2023-01-17","ALL","OP(FY1_1M_CHG)","A019170","신풍제약","","BLANK","221"
"2023-01-17","ALL","OP(FY1_1M_CHG)","A020000","한섬",".48367593712213","OK","222"
"2023-01-17","ALL","OP(FY1_1M_CHG)","A020120","키다리스튜디오","41.6666666666667","OK","223"
"2023-01-17","ALL","OP(FY1_1M_CHG)","A020150","롯데에너지머티리얼즈","53.218927701056","OK","224"
"2023-01-17","ALL","OP(FY1_1M_CHG)","A020560","아시아나항공","-39.3890675241158","OK","225"
"2023-01-17","ALL","OP(FY1_1M_CHG)","A021240","코웨이","11.4304635761589","OK","226"
"2023-01-17","ALL","OP(FY1_1M_CHG)","A022100","포스코DX","","BLANK","227"
"2023-01-17","ALL","OP(FY1_1M_CHG)","A023160","태광","37.2711740297779","OK","228"
"2023-01-17","ALL","OP(FY1_1M_CHG)","A023410","유진기업","","BLANK","229"
"2023-01-17","ALL","OP(FY1_1M_CHG)","A023530","롯데쇼핑","26.7346547722966","OK","230"
"2023-01-17","ALL","OP(FY1_1M_CHG)","A023590","다우기술","","BLANK","231"
"2023-01-17","ALL","OP(FY1_1M_CHG)","A024110","기업은행","13.3968587689404","OK","232"
"2023-01-17","ALL","OP(FY1_1M_CHG)","A024720","콜마홀딩스","","BLANK","233"
"2023-01-17","ALL","OP(FY1_1M_CHG)","A025540","한국단자","20.3703703703704","OK","234"
"2023-01-17","ALL","OP(FY1_1M_CHG)","A025770","한국정보통신","","BLANK","235"
"2023-01-17","ALL","OP(FY1_1M_CHG)","A025860","남해화학","","BLANK","236"
"2023-01-17","ALL","OP(FY1_1M_CHG)","A025900","동화기업","25.9001161440186","OK","237"
"2023-01-17","ALL","OP(FY1_1M_CHG)","A025980","아난티","156.331699346405","OK","238"
"2023-01-17","ALL","OP(FY1_1M_CHG)","A026960","동서","","BLANK","239"
"2023-01-17","ALL","OP(FY1_1M_CHG)","A027360","아주IB투자","","BLANK","240"
"2023-01-17","ALL","OP(FY1_1M_CHG)","A027410","BGF","50","OK","241"
"2023-01-17","ALL","OP(FY1_1M_CHG)","A028050","삼성E&A","5.11913223523595","OK","242"
"2023-01-17","ALL","OP(FY1_1M_CHG)","A028260","삼성물산","-1.74079826122924","OK","243"
"2023-01-17","ALL","OP(FY1_1M_CHG)","A028300","HLB","","BLANK","244"
"2023-01-17","ALL","OP(FY1_1M_CHG)","A028670","팬오션","-8.66546415952163","OK","245"
"2023-01-17","ALL","OP(FY1_1M_CHG)","A029530","신도리코","","BLANK","246"
"2023-01-17","ALL","OP(FY1_1M_CHG)","A029780","삼성카드","-6.74064195356908","OK","247"
"2023-01-17","ALL","OP(FY1_1M_CHG)","A030000","제일기획","11.0677201586292","OK","248"
"2023-01-17","ALL","OP(FY1_1M_CHG)","A030190","NICE평가정보","3.49462365591397","OK","249"
"2023-01-17","ALL","OP(FY1_1M_CHG)","A030200","KT","4.21455075760561","OK","250"
"2023-01-17","ALL","OP(FY1_1M_CHG)","A030520","한컴","18.8079061148857","OK","251"
"2023-01-17","ALL","OP(FY1_1M_CHG)","A030530","원익홀딩스","","BLANK","252"
"2023-01-17","ALL","OP(FY1_1M_CHG)","A030610","교보증권","","BLANK","253"
"2023-01-17","ALL","OP(FY1_1M_CHG)","A030960","양지사","","BLANK","254"
"2023-01-17","ALL","OP(FY1_1M_CHG)","A031330","에스에이엠티","","BLANK","255"
"2023-01-17","ALL","OP(FY1_1M_CHG)","A031430","신세계인터내셔날","-1.00316789862725","OK","256"
"2023-01-17","ALL","OP(FY1_1M_CHG)","A032190","다우데이타","","BLANK","257"
"2023-01-17","ALL","OP(FY1_1M_CHG)","A032350","롯데관광개발","192.766807188817","OK","258"
"2023-01-17","ALL","OP(FY1_1M_CHG)","A032500","케이엠더블유","","BLANK","259"
"2023-01-17","ALL","OP(FY1_1M_CHG)","A032620","GC메디아이","","BLANK","260"
"2023-01-17","ALL","OP(FY1_1M_CHG)","A032640","LG유플러스","6.37542888982297","OK","261"
"2023-01-17","ALL","OP(FY1_1M_CHG)","A032830","삼성생명","-24.7262773722628","OK","262"
"2023-01-17","ALL","OP(FY1_1M_CHG)","A033160","엠케이전자","","BLANK","263"
"2023-01-17","ALL","OP(FY1_1M_CHG)","A033240","자화전자","422.058823529412","OK","264"
"2023-01-17","ALL","OP(FY1_1M_CHG)","A033270","유나이티드제약","","BLANK","265"
"2023-01-17","ALL","OP(FY1_1M_CHG)","A033290","로젠","","BLANK","266"
"2023-01-17","ALL","OP(FY1_1M_CHG)","A033500","동성화인텍","81.4207650273224","OK","267"
"2023-01-17","ALL","OP(FY1_1M_CHG)","A033640","네패스","","BLANK","268"
"2023-01-17","ALL","OP(FY1_1M_CHG)","A033780","KT&G","9.66441072824051","OK","269"
"2023-01-17","ALL","OP(FY1_1M_CHG)","A034020","두산에너빌리티","11.088504577823","OK","270"
"2023-01-17","ALL","OP(FY1_1M_CHG)","A034120","SBS","-17.3308619091752","OK","271"
"2023-01-17","ALL","OP(FY1_1M_CHG)","A034220","LG디스플레이","54.3487563977473","OK","272"
"2023-01-17","ALL","OP(FY1_1M_CHG)","A034230","파라다이스","442.32116058029","OK","273"
"2023-01-17","ALL","OP(FY1_1M_CHG)","A034310","NICE","","BLANK","274"
"2023-01-17","ALL","OP(FY1_1M_CHG)","A034730","SK","-16.1379027213769","OK","275"
"2023-01-17","ALL","OP(FY1_1M_CHG)","A034810","해성산업","","BLANK","276"
"2023-01-17","ALL","OP(FY1_1M_CHG)","A034830","한국토지신탁","","BLANK","277"
"2023-01-17","ALL","OP(FY1_1M_CHG)","A034950","한국기업평가","","BLANK","278"
"2023-01-17","ALL","OP(FY1_1M_CHG)","A035250","강원랜드","71.8632763651521","OK","279"
"2023-01-17","ALL","OP(FY1_1M_CHG)","A035290","골드앤에스","","BLANK","280"
"2023-01-17","ALL","OP(FY1_1M_CHG)","A035420","NAVER","9.59694783364182","OK","281"
"2023-01-17","ALL","OP(FY1_1M_CHG)","A035600","KG이니시스","17.7919708029197","OK","282"
"2023-01-17","ALL","OP(FY1_1M_CHG)","A035720","카카오","22.8343422341399","OK","283"
"2023-01-17","ALL","OP(FY1_1M_CHG)","A035760","CJ ENM","64.5286986640277","OK","284"
"2023-01-17","ALL","OP(FY1_1M_CHG)","A035890","서희건설","","BLANK","285"
"2023-01-17","ALL","OP(FY1_1M_CHG)","A035900","JYP Ent.","24.6724890829694","OK","286"
"2023-01-17","ALL","OP(FY1_1M_CHG)","A036030","케이티알파","","BLANK","287"
"2023-01-17","ALL","OP(FY1_1M_CHG)","A036420","콘텐트리중앙","162.891914191419","OK","288"
"2023-01-17","ALL","OP(FY1_1M_CHG)","A036460","한국가스공사","26.1371702110099","OK","289"
"2023-01-17","ALL","OP(FY1_1M_CHG)","A036530","SNT홀딩스","","BLANK","290"
"2023-01-17","ALL","OP(FY1_1M_CHG)","A036540","SFA반도체","8.78378378378378","OK","291"
"2023-01-17","ALL","OP(FY1_1M_CHG)","A036570","NC","2.89026017344895","OK","292"
"2023-01-17","ALL","OP(FY1_1M_CHG)","A036800","나이스정보통신","8.98550724637681","OK","293"
"2023-01-17","ALL","OP(FY1_1M_CHG)","A036810","에프에스티","","BLANK","294"
"2023-01-17","ALL","OP(FY1_1M_CHG)","A036830","솔브레인홀딩스","","BLANK","295"
"2023-01-17","ALL","OP(FY1_1M_CHG)","A036890","진성티이씨","-3.91459074733097","OK","296"
"2023-01-17","ALL","OP(FY1_1M_CHG)","A036930","주성엔지니어링","-10.4731164529007","OK","297"
"2023-01-17","ALL","OP(FY1_1M_CHG)","A037070","파세코","","BLANK","298"
"2023-01-17","ALL","OP(FY1_1M_CHG)","A037270","YG PLUS","","BLANK","299"
"2023-01-17","ALL","OP(FY1_1M_CHG)","A037560","LG헬로비전","5.40735400144196","OK","300"
"2023-01-17","ALL","OP(FY1_1M_CHG)","A037710","광주신세계","","BLANK","301"
"2023-01-17","ALL","OP(FY1_1M_CHG)","A038500","삼표시멘트","6.86378035902851","OK","302"
"2023-01-17","ALL","OP(FY1_1M_CHG)","A038540","상상인","","BLANK","303"
"2023-01-17","ALL","OP(FY1_1M_CHG)","A039030","이오테크닉스","-8.73882820258192","OK","304"
"2023-01-17","ALL","OP(FY1_1M_CHG)","A039130","하나투어","110.908178625188","OK","305"
"2023-01-17","ALL","OP(FY1_1M_CHG)","A039200","오스코텍","","BLANK","306"
"2023-01-17","ALL","OP(FY1_1M_CHG)","A039490","키움증권","8.17599929694022","OK","307"
"2023-01-17","ALL","OP(FY1_1M_CHG)","A039840","디오","","BLANK","308"
"2023-01-17","ALL","OP(FY1_1M_CHG)","A040300","YTN","","BLANK","309"
"2023-01-17","ALL","OP(FY1_1M_CHG)","A041190","우리기술투자","","BLANK","310"
"2023-01-17","ALL","OP(FY1_1M_CHG)","A041510","에스엠","34.910514541387","OK","311"
"2023-01-17","ALL","OP(FY1_1M_CHG)","A041830","인바디","12.5319693094629","OK","312"
"2023-01-17","ALL","OP(FY1_1M_CHG)","A041960","코미팜","","BLANK","313"
"2023-01-17","ALL","OP(FY1_1M_CHG)","A042420","네오위즈홀딩스","","BLANK","314"
"2023-01-17","ALL","OP(FY1_1M_CHG)","A042660","한화오션","121.031103302495","OK","315"
"2023-01-17","ALL","OP(FY1_1M_CHG)","A042700","한미반도체","-8.5508769093995","OK","316"
"2023-01-17","ALL","OP(FY1_1M_CHG)","A043150","바텍","13.9083139083139","OK","317"
"2023-01-17","ALL","OP(FY1_1M_CHG)","A045100","한양이엔지","","BLANK","318"
"2023-01-17","ALL","OP(FY1_1M_CHG)","A046890","서울반도체","318.666666666667","OK","319"
"2023-01-17","ALL","OP(FY1_1M_CHG)","A047040","대우건설","-2.77433243516815","OK","320"
"2023-01-17","ALL","OP(FY1_1M_CHG)","A047050","포스코인터내셔널","-9.33818712885109","OK","321"
"2023-01-17","ALL","OP(FY1_1M_CHG)","A047810","한국항공우주","113.252206472319","OK","322"
"2023-01-17","ALL","OP(FY1_1M_CHG)","A047920","HLB제약","","BLANK","323"
"2023-01-17","ALL","OP(FY1_1M_CHG)","A048410","현대바이오","","BLANK","324"
"2023-01-17","ALL","OP(FY1_1M_CHG)","A048530","인트론바이오","","BLANK","325"
"2023-01-17","ALL","OP(FY1_1M_CHG)","A048550","SM C&C","","BLANK","326"
"2023-01-17","ALL","OP(FY1_1M_CHG)","A048870","시너지이노베이션","","BLANK","327"
"2023-01-17","ALL","OP(FY1_1M_CHG)","A049070","인탑스","-11.961367013373","OK","328"
"2023-01-17","ALL","OP(FY1_1M_CHG)","A050890","쏠리드","51.0917030567686","OK","329"
"2023-01-17","ALL","OP(FY1_1M_CHG)","A051500","CJ프레시웨이","17.0363288718929","OK","330"
"2023-01-17","ALL","OP(FY1_1M_CHG)","A051600","한전KPS","25.649101898357","OK","331"
"2023-01-17","ALL","OP(FY1_1M_CHG)","A051900","LG생활건강","21.5497048627377","OK","332"
"2023-01-17","ALL","OP(FY1_1M_CHG)","A051910","LG화학","15.0688111048839","OK","333"
"2023-01-17","ALL","OP(FY1_1M_CHG)","A052020","에스티큐브","","BLANK","334"
"2023-01-17","ALL","OP(FY1_1M_CHG)","A052400","코나아이","","BLANK","335"
"2023-01-17","ALL","OP(FY1_1M_CHG)","A052690","한전기술","58.7962962962963","OK","336"
"2023-01-17","ALL","OP(FY1_1M_CHG)","A052710","아모텍","599.183673469388","OK","337"
"2023-01-17","ALL","OP(FY1_1M_CHG)","A053030","바이넥스","2.21238938053097","OK","338"
"2023-01-17","ALL","OP(FY1_1M_CHG)","A053210","스카이라이프","10.9462173621959","OK","339"
"2023-01-17","ALL","OP(FY1_1M_CHG)","A053690","한미글로벌","36.5671641791045","OK","340"
"2023-01-17","ALL","OP(FY1_1M_CHG)","A053800","안랩","","BLANK","341"
"2023-01-17","ALL","OP(FY1_1M_CHG)","A054210","이랜텍","14.6446078431373","OK","342"
"2023-01-17","ALL","OP(FY1_1M_CHG)","A054620","APS","","BLANK","343"
"2023-01-17","ALL","OP(FY1_1M_CHG)","A054950","제이브이엠","","BLANK","344"
"2023-01-17","ALL","OP(FY1_1M_CHG)","A055490","테이팩스","23.2876712328767","OK","345"
"2023-01-17","ALL","OP(FY1_1M_CHG)","A055550","신한지주","4.86105994744468","OK","346"
"2023-01-17","ALL","OP(FY1_1M_CHG)","A056190","SFA","18.0302953543746","OK","347"
"2023-01-17","ALL","OP(FY1_1M_CHG)","A057050","현대홈쇼핑","26.9377580431565","OK","348"
"2023-01-17","ALL","OP(FY1_1M_CHG)","A058470","리노공업","11.5186128122205","OK","349"
"2023-01-17","ALL","OP(FY1_1M_CHG)","A058610","에스피지","15.3153153153153","OK","350"
"2023-01-17","ALL","OP(FY1_1M_CHG)","A058650","세아홀딩스","","BLANK","351"
"2023-01-17","ALL","OP(FY1_1M_CHG)","A058820","CMG제약","","BLANK","352"
"2023-01-17","ALL","OP(FY1_1M_CHG)","A059090","미코","","BLANK","353"
"2023-01-17","ALL","OP(FY1_1M_CHG)","A060150","인선이엔티","13.6078332914888","OK","354"
"2023-01-17","ALL","OP(FY1_1M_CHG)","A060250","NHN KCP","17.4170876345267","OK","355"
"2023-01-17","ALL","OP(FY1_1M_CHG)","A060280","큐렉소","","BLANK","356"
"2023-01-17","ALL","OP(FY1_1M_CHG)","A060720","KH바텍","15.3418565869928","OK","357"
"2023-01-17","ALL","OP(FY1_1M_CHG)","A060980","HL홀딩스","6.6344160331721","OK","358"
"2023-01-17","ALL","OP(FY1_1M_CHG)","A061970","LB세미콘","5.67164179104477","OK","359"
"2023-01-17","ALL","OP(FY1_1M_CHG)","A063080","컴투스홀딩스","482.417582417582","OK","360"
"2023-01-17","ALL","OP(FY1_1M_CHG)","A063170","서울옥션","","BLANK","361"
"2023-01-17","ALL","OP(FY1_1M_CHG)","A064260","다날","","BLANK","362"
"2023-01-17","ALL","OP(FY1_1M_CHG)","A064350","현대로템","62.4024609843937","OK","363"
"2023-01-17","ALL","OP(FY1_1M_CHG)","A064550","바이오니아","219.745897300159","OK","364"
"2023-01-17","ALL","OP(FY1_1M_CHG)","A064760","티씨케이","11.3379204892966","OK","365"
"2023-01-17","ALL","OP(FY1_1M_CHG)","A064960","SNT모티브","10.2818120611715","OK","366"
"2023-01-17","ALL","OP(FY1_1M_CHG)","A066570","LG전자","-6.93028423850208","OK","367"
"2023-01-17","ALL","OP(FY1_1M_CHG)","A066970","엘앤에프","65.2965726571392","OK","368"
"2023-01-17","ALL","OP(FY1_1M_CHG)","A067000","조이시티","522.916666666667","OK","369"
"2023-01-17","ALL","OP(FY1_1M_CHG)","A067160","SOOP","9.93037324506335","OK","370"
"2023-01-17","ALL","OP(FY1_1M_CHG)","A067310","하나마이크론","","BLANK","371"
"2023-01-17","ALL","OP(FY1_1M_CHG)","A067630","HLB생명과학","","BLANK","372"
"2023-01-17","ALL","OP(FY1_1M_CHG)","A068240","다원시스","","BLANK","373"
"2023-01-17","ALL","OP(FY1_1M_CHG)","A068270","셀트리온","19.6307660439404","OK","374"
"2023-01-17","ALL","OP(FY1_1M_CHG)","A068760","셀트리온제약","","BLANK","375"
"2023-01-17","ALL","OP(FY1_1M_CHG)","A069080","웹젠","-19.2601726263872","OK","376"
"2023-01-17","ALL","OP(FY1_1M_CHG)","A069260","TKG휴켐스","","BLANK","377"
"2023-01-17","ALL","OP(FY1_1M_CHG)","A069620","대웅제약","16.7707175233045","OK","378"
"2023-01-17","ALL","OP(FY1_1M_CHG)","A069960","현대백화점","24.7283766510439","OK","379"
"2023-01-17","ALL","OP(FY1_1M_CHG)","A071050","한국금융지주","12.9471516497756","OK","380"
"2023-01-17","ALL","OP(FY1_1M_CHG)","A071320","지역난방공사","61.5921947644459","OK","381"
"2023-01-17","ALL","OP(FY1_1M_CHG)","A071840","롯데하이마트","841.441441441441","OK","382"
"2023-01-17","ALL","OP(FY1_1M_CHG)","A072710","농심홀딩스","","BLANK","383"
"2023-01-17","ALL","OP(FY1_1M_CHG)","A073240","금호타이어","44.6153846153846","OK","384"
"2023-01-17","ALL","OP(FY1_1M_CHG)","A073570","리튬포어스","","BLANK","385"
"2023-01-17","ALL","OP(FY1_1M_CHG)","A074600","원익QnC","13.4738186462324","OK","386"
"2023-01-17","ALL","OP(FY1_1M_CHG)","A074610","이엔플러스","","BLANK","387"
"2023-01-17","ALL","OP(FY1_1M_CHG)","A075580","세진중공업","241.317365269461","OK","388"
"2023-01-17","ALL","OP(FY1_1M_CHG)","A077970","STX엔진","","BLANK","389"
"2023-01-17","ALL","OP(FY1_1M_CHG)","A078020","LS증권","","BLANK","390"
"2023-01-17","ALL","OP(FY1_1M_CHG)","A078070","유비쿼스홀딩스","","BLANK","391"
"2023-01-17","ALL","OP(FY1_1M_CHG)","A078130","국일제지","","BLANK","392"
"2023-01-17","ALL","OP(FY1_1M_CHG)","A078340","컴투스","241.558441558442","OK","393"
"2023-01-17","ALL","OP(FY1_1M_CHG)","A078590","휴림에이텍","","BLANK","394"
"2023-01-17","ALL","OP(FY1_1M_CHG)","A078600","대주전자재료","27.6715410573678","OK","395"
"2023-01-17","ALL","OP(FY1_1M_CHG)","A078930","GS","-27.9705593642575","OK","396"
"2023-01-17","ALL","OP(FY1_1M_CHG)","A079160","CJ CGV","224.965973167412","OK","397"
"2023-01-17","ALL","OP(FY1_1M_CHG)","A079370","제우스","13.5538954108858","OK","398"
"2023-01-17","ALL","OP(FY1_1M_CHG)","A079550","LIG디펜스앤에어로스페이스","15.0377097121749","OK","399"
"2023-01-17","ALL","OP(FY1_1M_CHG)","A080160","모두투어","181.281905842314","OK","400"
"2023-01-17","ALL","OP(FY1_1M_CHG)","A080420","모다이노칩","","BLANK","401"
"2023-01-17","ALL","OP(FY1_1M_CHG)","A080580","오킨스전자","","BLANK","402"
"2023-01-17","ALL","OP(FY1_1M_CHG)","A081660","미스토홀딩스","12.8524199675558","OK","403"
"2023-01-17","ALL","OP(FY1_1M_CHG)","A082270","젬백스","","BLANK","404"
"2023-01-17","ALL","OP(FY1_1M_CHG)","A082640","동양생명","11.5711880602448","OK","405"
"2023-01-17","ALL","OP(FY1_1M_CHG)","A082740","한화엔진","351.052430156908","OK","406"
"2023-01-17","ALL","OP(FY1_1M_CHG)","A082920","비츠로셀","23.7704918032787","OK","407"
"2023-01-17","ALL","OP(FY1_1M_CHG)","A084010","대한제강","-18.3149357963505","OK","408"
"2023-01-17","ALL","OP(FY1_1M_CHG)","A084110","휴온스글로벌","","BLANK","409"
"2023-01-17","ALL","OP(FY1_1M_CHG)","A084370","유진테크","3.31300477995714","OK","410"
"2023-01-17","ALL","OP(FY1_1M_CHG)","A084690","대상홀딩스","","BLANK","411"
"2023-01-17","ALL","OP(FY1_1M_CHG)","A084850","아이티엠반도체","","BLANK","412"
"2023-01-17","ALL","OP(FY1_1M_CHG)","A084990","헬릭스미스","","BLANK","413"
"2023-01-17","ALL","OP(FY1_1M_CHG)","A085620","미래에셋생명","","BLANK","414"
"2023-01-17","ALL","OP(FY1_1M_CHG)","A085660","차바이오텍","","BLANK","415"
"2023-01-17","ALL","OP(FY1_1M_CHG)","A086280","현대글로비스","-3.02271154036325","OK","416"
"2023-01-17","ALL","OP(FY1_1M_CHG)","A086450","동국제약","13.1582565653788","OK","417"
"2023-01-17","ALL","OP(FY1_1M_CHG)","A086520","에코프로","42.8196721311475","OK","418"
"2023-01-17","ALL","OP(FY1_1M_CHG)","A086790","하나금융지주","9.40468651044965","OK","419"
"2023-01-17","ALL","OP(FY1_1M_CHG)","A086900","메디톡스","24.1758241758242","OK","420"
"2023-01-17","ALL","OP(FY1_1M_CHG)","A088350","한화생명","","BLANK","421"
"2023-01-17","ALL","OP(FY1_1M_CHG)","A088800","에이스테크","153.156146179402","OK","422"
"2023-01-17","ALL","OP(FY1_1M_CHG)","A089590","제주항공","162.866590773568","OK","423"
"2023-01-17","ALL","OP(FY1_1M_CHG)","A089600","KT나스미디어","22.5593667546174","OK","424"
"2023-01-17","ALL","OP(FY1_1M_CHG)","A089860","롯데렌탈","6.47053258915901","OK","425"
"2023-01-17","ALL","OP(FY1_1M_CHG)","A089970","브이엠","","BLANK","426"
"2023-01-17","ALL","OP(FY1_1M_CHG)","A089980","상아프론테크","18.0451127819549","OK","427"
"2023-01-17","ALL","OP(FY1_1M_CHG)","A090430","아모레퍼시픽","76.4600916325054","OK","428"
"2023-01-17","ALL","OP(FY1_1M_CHG)","A090460","비에이치","14.0561471442401","OK","429"
"2023-01-17","ALL","OP(FY1_1M_CHG)","A090710","휴림로봇","","BLANK","430"
"2023-01-17","ALL","OP(FY1_1M_CHG)","A091120","이엠텍","","BLANK","431"
"2023-01-17","ALL","OP(FY1_1M_CHG)","A091700","파트론","22.9218252564556","OK","432"
"2023-01-17","ALL","OP(FY1_1M_CHG)","A091810","트리니티항공","156.25","OK","433"
"2023-01-17","ALL","OP(FY1_1M_CHG)","A092040","아미코젠","","BLANK","434"
"2023-01-17","ALL","OP(FY1_1M_CHG)","A092220","KEC","39.3665158371041","OK","435"
"2023-01-17","ALL","OP(FY1_1M_CHG)","A093050","LF","","BLANK","436"
"2023-01-17","ALL","OP(FY1_1M_CHG)","A093320","케이아이엔엑스","15.1969981238274","OK","437"
"2023-01-17","ALL","OP(FY1_1M_CHG)","A093370","후성","-25.6299496040317","OK","438"
"2023-01-17","ALL","OP(FY1_1M_CHG)","A095340","ISC","14.8391812865497","OK","439"
"2023-01-17","ALL","OP(FY1_1M_CHG)","A095500","미래나노텍","","BLANK","440"
"2023-01-17","ALL","OP(FY1_1M_CHG)","A095570","AJ네트웍스","13.7974683544304","OK","441"
"2023-01-17","ALL","OP(FY1_1M_CHG)","A095610","테스","-52.4635946538999","OK","442"
"2023-01-17","ALL","OP(FY1_1M_CHG)","A095660","네오위즈","229.880617977528","OK","443"
"2023-01-17","ALL","OP(FY1_1M_CHG)","A095700","제넥신","","BLANK","444"
"2023-01-17","ALL","OP(FY1_1M_CHG)","A095720","웅진씽크빅","63.391442155309","OK","445"
"2023-01-17","ALL","OP(FY1_1M_CHG)","A096530","씨젠","-35.6935332708529","OK","446"
"2023-01-17","ALL","OP(FY1_1M_CHG)","A096770","SK이노베이션","-35.7674959231116","OK","447"
"2023-01-17","ALL","OP(FY1_1M_CHG)","A097230","HJ중공업","","BLANK","448"
"2023-01-17","ALL","OP(FY1_1M_CHG)","A097520","엠씨넥스","156.122448979592","OK","449"
"2023-01-17","ALL","OP(FY1_1M_CHG)","A097950","CJ제일제당","4.21272076466192","OK","450"
"2023-01-17","ALL","OP(FY1_1M_CHG)","A098460","고영","19.2887688498762","OK","451"
"2023-01-17","ALL","OP(FY1_1M_CHG)","A099190","아이센스","54.8161120840631","OK","452"
"2023-01-17","ALL","OP(FY1_1M_CHG)","A099320","쎄트렉아이","","BLANK","453"
"2023-01-17","ALL","OP(FY1_1M_CHG)","A099430","바이오플러스","34.5541990381058","OK","454"
"2023-01-17","ALL","OP(FY1_1M_CHG)","A100090","SK오션플랜트","14.875","OK","455"
"2023-01-17","ALL","OP(FY1_1M_CHG)","A100120","뷰웍스","17.7272727272727","OK","456"
"2023-01-17","ALL","OP(FY1_1M_CHG)","A100130","동국S&C","5.38461538461538","OK","457"
"2023-01-17","ALL","OP(FY1_1M_CHG)","A101160","월덱스","20.0787401574803","OK","458"
"2023-01-17","ALL","OP(FY1_1M_CHG)","A101360","에코앤드림","","BLANK","459"
"2023-01-17","ALL","OP(FY1_1M_CHG)","A101490","에스앤에스텍","","BLANK","460"
"2023-01-17","ALL","OP(FY1_1M_CHG)","A101670","하이드로리튬","","BLANK","461"
"2023-01-17","ALL","OP(FY1_1M_CHG)","A101730","위메이드맥스","","BLANK","462"
"2023-01-17","ALL","OP(FY1_1M_CHG)","A102460","이연제약","","BLANK","463"
"2023-01-17","ALL","OP(FY1_1M_CHG)","A102710","이엔에프테크놀로지","","BLANK","464"
"2023-01-17","ALL","OP(FY1_1M_CHG)","A102940","코오롱생명과학","","BLANK","465"
"2023-01-17","ALL","OP(FY1_1M_CHG)","A103140","풍산","-2.72162386081193","OK","466"
"2023-01-17","ALL","OP(FY1_1M_CHG)","A104460","디와이피엔에프","","BLANK","467"
"2023-01-17","ALL","OP(FY1_1M_CHG)","A104480","티케이케미칼","","BLANK","468"
"2023-01-17","ALL","OP(FY1_1M_CHG)","A104700","한국철강","-16.0182119205298","OK","469"
"2023-01-17","ALL","OP(FY1_1M_CHG)","A104830","원익머트리얼즈","9.26027397260274","OK","470"
"2023-01-17","ALL","OP(FY1_1M_CHG)","A105560","KB금융","7.60771732415082","OK","471"
"2023-01-17","ALL","OP(FY1_1M_CHG)","A105630","한세실업","-17.2119562372402","OK","472"
"2023-01-17","ALL","OP(FY1_1M_CHG)","A107600","새빗켐","38.7755102040816","OK","473"
"2023-01-17","ALL","OP(FY1_1M_CHG)","A108230","톱텍","","BLANK","474"
"2023-01-17","ALL","OP(FY1_1M_CHG)","A108320","LX세미콘","-18.4278209477947","OK","475"
"2023-01-17","ALL","OP(FY1_1M_CHG)","A108490","로보티즈","","BLANK","476"
"2023-01-17","ALL","OP(FY1_1M_CHG)","A108670","LX하우시스","84.027397260274","OK","477"
"2023-01-17","ALL","OP(FY1_1M_CHG)","A111770","영원무역","-13.2609805924413","OK","478"
"2023-01-17","ALL","OP(FY1_1M_CHG)","A112040","위메이드","247.698744769875","OK","479"
"2023-01-17","ALL","OP(FY1_1M_CHG)","A112610","씨에스윈드","79.2306746958338","OK","480"
"2023-01-17","ALL","OP(FY1_1M_CHG)","A114090","GKL","724.555160142349","OK","481"
"2023-01-17","ALL","OP(FY1_1M_CHG)","A115450","HLB테라퓨틱스","","BLANK","482"
"2023-01-17","ALL","OP(FY1_1M_CHG)","A118990","모트렉스","13.6686390532544","OK","483"
"2023-01-17","ALL","OP(FY1_1M_CHG)","A119610","인터로조","23.3730522456462","OK","484"
"2023-01-17","ALL","OP(FY1_1M_CHG)","A120110","코오롱인더","7.16893342877596","OK","485"
"2023-01-17","ALL","OP(FY1_1M_CHG)","A121600","나노신소재","66.1722488038278","OK","486"
"2023-01-17","ALL","OP(FY1_1M_CHG)","A122450","KX","","BLANK","487"
"2023-01-17","ALL","OP(FY1_1M_CHG)","A122870","와이지엔터테인먼트","29.5956570572819","OK","488"
"2023-01-17","ALL","OP(FY1_1M_CHG)","A122900","아이마켓코리아","9.09090909090909","OK","489"
"2023-01-17","ALL","OP(FY1_1M_CHG)","A123890","한국자산신탁","22.7848101265823","OK","490"
"2023-01-17","ALL","OP(FY1_1M_CHG)","A126560","현대퓨처넷","","BLANK","491"
"2023-01-17","ALL","OP(FY1_1M_CHG)","A126700","하이비젼시스템","113.372093023256","OK","492"
"2023-01-17","ALL","OP(FY1_1M_CHG)","A126720","수산인더스트리","","BLANK","493"
"2023-01-17","ALL","OP(FY1_1M_CHG)","A128940","한미약품","8.3452893352463","OK","494"
"2023-01-17","ALL","OP(FY1_1M_CHG)","A130660","한전산업","","BLANK","495"
"2023-01-17","ALL","OP(FY1_1M_CHG)","A131290","티에스이","21.8289085545723","OK","496"
"2023-01-17","ALL","OP(FY1_1M_CHG)","A131970","두산테스나","","BLANK","497"
"2023-01-17","ALL","OP(FY1_1M_CHG)","A136480","하림","","BLANK","498"
"2023-01-17","ALL","OP(FY1_1M_CHG)","A137310","에스디바이오센서","-61.9361000432765","OK","499"
"2023-01-17","ALL","OP(FY1_1M_CHG)","A137400","피엔티","43.4353268428373","OK","500"
"2023-01-17","ALL","OP(FY1_1M_CHG)","A138040","메리츠금융지주","-2.89707985422336","OK","501"
"2023-01-17","ALL","OP(FY1_1M_CHG)","A138930","BNK금융지주","5.15193404464899","OK","502"
"2023-01-17","ALL","OP(FY1_1M_CHG)","A139130","iM금융지주","3.76848153598208","OK","503"
"2023-01-17","ALL","OP(FY1_1M_CHG)","A139480","이마트","65.5257177310885","OK","504"
"2023-01-17","ALL","OP(FY1_1M_CHG)","A139990","아주스틸","","BLANK","505"
"2023-01-17","ALL","OP(FY1_1M_CHG)","A140410","메지온","","BLANK","506"
"2023-01-17","ALL","OP(FY1_1M_CHG)","A140860","파크시스템스","44.3170964660936","OK","507"
"2023-01-17","ALL","OP(FY1_1M_CHG)","A141080","리가켐바이오","47.4302496328928","OK","508"
"2023-01-17","ALL","OP(FY1_1M_CHG)","A143240","사람인","","BLANK","509"
"2023-01-17","ALL","OP(FY1_1M_CHG)","A144510","지씨셀","-61.4035087719298","OK","510"
"2023-01-17","ALL","OP(FY1_1M_CHG)","A145020","휴젤","13.5477069056405","OK","511"
"2023-01-17","ALL","OP(FY1_1M_CHG)","A145720","덴티움","18.896519062278","OK","512"
"2023-01-17","ALL","OP(FY1_1M_CHG)","A145990","삼양사","","BLANK","513"
"2023-01-17","ALL","OP(FY1_1M_CHG)","A151860","KG에코솔루션","","BLANK","514"
"2023-01-17","ALL","OP(FY1_1M_CHG)","A161000","애경케미칼","","BLANK","515"
"2023-01-17","ALL","OP(FY1_1M_CHG)","A161390","한국타이어앤테크놀로지","18.400338799889","OK","516"
"2023-01-17","ALL","OP(FY1_1M_CHG)","A161890","한국콜마","50.5170163638189","OK","517"
"2023-01-17","ALL","OP(FY1_1M_CHG)","A162300","신스틸","","BLANK","518"
"2023-01-17","ALL","OP(FY1_1M_CHG)","A166090","하나머티리얼즈","-.322476620445015","OK","519"
"2023-01-17","ALL","OP(FY1_1M_CHG)","A166480","코아스템켐온","","BLANK","520"
"2023-01-17","ALL","OP(FY1_1M_CHG)","A170900","동아에스티","26.088534107402","OK","521"
"2023-01-17","ALL","OP(FY1_1M_CHG)","A175330","JB금융지주","5.65653302853736","OK","522"
"2023-01-17","ALL","OP(FY1_1M_CHG)","A178320","서진시스템","176.657423745904","OK","523"
"2023-01-17","ALL","OP(FY1_1M_CHG)","A178920","PI첨단소재","26.1961943469425","OK","524"
"2023-01-17","ALL","OP(FY1_1M_CHG)","A179290","엠아이텍","","BLANK","525"
"2023-01-17","ALL","OP(FY1_1M_CHG)","A179900","유티아이","","BLANK","526"
"2023-01-17","ALL","OP(FY1_1M_CHG)","A180640","한진칼","31.25","OK","527"
"2023-01-17","ALL","OP(FY1_1M_CHG)","A181710","NHN","79.6682358215647","OK","528"
"2023-01-17","ALL","OP(FY1_1M_CHG)","A182360","큐브엔터","128.358208955224","OK","529"
"2023-01-17","ALL","OP(FY1_1M_CHG)","A182400","엔케이젠바이오텍코리아","","BLANK","530"
"2023-01-17","ALL","OP(FY1_1M_CHG)","A183190","아세아시멘트","","BLANK","531"
"2023-01-17","ALL","OP(FY1_1M_CHG)","A183300","코미코","7.8125","OK","532"
"2023-01-17","ALL","OP(FY1_1M_CHG)","A185750","종근당","7.22741433021807","OK","533"
"2023-01-17","ALL","OP(FY1_1M_CHG)","A189300","인텔리안테크","108.03123257111","OK","534"
"2023-01-17","ALL","OP(FY1_1M_CHG)","A192080","더블유게임즈","8.61698019528878","OK","535"
"2023-01-17","ALL","OP(FY1_1M_CHG)","A192400","쿠쿠홀딩스","","BLANK","536"
"2023-01-17","ALL","OP(FY1_1M_CHG)","A192650","드림텍","","BLANK","537"
"2023-01-17","ALL","OP(FY1_1M_CHG)","A192820","코스맥스","49.2568412279483","OK","538"
"2023-01-17","ALL","OP(FY1_1M_CHG)","A194480","데브시스터즈","2447.82608695652","OK","539"
"2023-01-17","ALL","OP(FY1_1M_CHG)","A195870","해성디에스","-22.776388430142","OK","540"
"2023-01-17","ALL","OP(FY1_1M_CHG)","A195940","HK이노엔","29.7347316471314","OK","541"
"2023-01-17","ALL","OP(FY1_1M_CHG)","A196170","알테오젠","99.2857142857143","OK","542"
"2023-01-17","ALL","OP(FY1_1M_CHG)","A199800","툴젠","","BLANK","543"
"2023-01-17","ALL","OP(FY1_1M_CHG)","A200130","콜마비앤에이치","14.8316062176166","OK","544"
"2023-01-17","ALL","OP(FY1_1M_CHG)","A200670","휴메딕스","25.089605734767","OK","545"
"2023-01-17","ALL","OP(FY1_1M_CHG)","A204270","제이앤티씨","227.362204724409","OK","546"
"2023-01-17","ALL","OP(FY1_1M_CHG)","A204320","HL만도","24.7554499720514","OK","547"
"2023-01-17","ALL","OP(FY1_1M_CHG)","A205470","휴마시스","","BLANK","548"
"2023-01-17","ALL","OP(FY1_1M_CHG)","A206560","덱스터","","BLANK","549"
"2023-01-17","ALL","OP(FY1_1M_CHG)","A206640","바디텍메드","","BLANK","550"
"2023-01-17","ALL","OP(FY1_1M_CHG)","A206650","유바이오로직스","","BLANK","551"
"2023-01-17","ALL","OP(FY1_1M_CHG)","A207940","삼성바이오로직스","8.74283623948299","OK","552"
"2023-01-17","ALL","OP(FY1_1M_CHG)","A210980","SK디앤디","-17.59521218716","OK","553"
"2023-01-17","ALL","OP(FY1_1M_CHG)","A213420","덕산네오룩스","12.3607315535001","OK","554"
"2023-01-17","ALL","OP(FY1_1M_CHG)","A213500","한솔제지","11.141935483871","OK","555"
"2023-01-17","ALL","OP(FY1_1M_CHG)","A214150","클래시스","29.4875549048316","OK","556"
"2023-01-17","ALL","OP(FY1_1M_CHG)","A214320","이노션","6.94946514201401","OK","557"
"2023-01-17","ALL","OP(FY1_1M_CHG)","A214370","케어젠","","BLANK","558"
"2023-01-17","ALL","OP(FY1_1M_CHG)","A214450","파마리서치","20.0117370892019","OK","559"
"2023-01-17","ALL","OP(FY1_1M_CHG)","A215000","골프존","16.4705882352941","OK","560"
"2023-01-17","ALL","OP(FY1_1M_CHG)","A215200","메가스터디교육","23.3321567243205","OK","561"
"2023-01-17","ALL","OP(FY1_1M_CHG)","A215600","신라젠","","BLANK","562"
"2023-01-17","ALL","OP(FY1_1M_CHG)","A216080","제테마","","BLANK","563"
"2023-01-17","ALL","OP(FY1_1M_CHG)","A217270","넵튠","","BLANK","564"
"2023-01-17","ALL","OP(FY1_1M_CHG)","A217330","싸이토젠","","BLANK","565"
"2023-01-17","ALL","OP(FY1_1M_CHG)","A217820","원익피앤이","","BLANK","566"
"2023-01-17","ALL","OP(FY1_1M_CHG)","A218410","RFHIC","373.148148148148","OK","567"
"2023-01-17","ALL","OP(FY1_1M_CHG)","A222080","SFA넥셀","56.6197183098592","OK","568"
"2023-01-17","ALL","OP(FY1_1M_CHG)","A222800","심텍","-13.5602986723008","OK","569"
"2023-01-17","ALL","OP(FY1_1M_CHG)","A225570","넥슨게임즈","","BLANK","570"
"2023-01-17","ALL","OP(FY1_1M_CHG)","A226320","잇츠한불","","BLANK","571"
"2023-01-17","ALL","OP(FY1_1M_CHG)","A226950","올릭스","","BLANK","572"
"2023-01-17","ALL","OP(FY1_1M_CHG)","A228670","레이","91.9058553386911","OK","573"
"2023-01-17","ALL","OP(FY1_1M_CHG)","A230240","에치에프알","23.3373639661427","OK","574"
"2023-01-17","ALL","OP(FY1_1M_CHG)","A230360","에코마케팅","23.7943149153625","OK","575"
"2023-01-17","ALL","OP(FY1_1M_CHG)","A232140","와이씨","","BLANK","576"
"2023-01-17","ALL","OP(FY1_1M_CHG)","A235980","메드팩토","","BLANK","577"
"2023-01-17","ALL","OP(FY1_1M_CHG)","A237690","에스티팜","93.9393939393939","OK","578"
"2023-01-17","ALL","OP(FY1_1M_CHG)","A237880","클리오","26.8508287292818","OK","579"
"2023-01-17","ALL","OP(FY1_1M_CHG)","A240810","원익IPS","-20.085296506905","OK","580"
"2023-01-17","ALL","OP(FY1_1M_CHG)","A241560","두산밥캣","-6.69968092366146","OK","581"
"2023-01-17","ALL","OP(FY1_1M_CHG)","A241590","화승엔터프라이즈","47.9862068965517","OK","582"
"2023-01-17","ALL","OP(FY1_1M_CHG)","A243070","휴온스","14.866357411089","OK","583"
"2023-01-17","ALL","OP(FY1_1M_CHG)","A243840","신흥에스이씨","38.9776357827476","OK","584"
"2023-01-17","ALL","OP(FY1_1M_CHG)","A246710","티앤알바이오팹","","BLANK","585"
"2023-01-17","ALL","OP(FY1_1M_CHG)","A247540","에코프로비엠","52.9817328879096","OK","586"
"2023-01-17","ALL","OP(FY1_1M_CHG)","A248070","솔루엠","27.6793352071368","OK","587"
"2023-01-17","ALL","OP(FY1_1M_CHG)","A249420","일동제약","","BLANK","588"
"2023-01-17","ALL","OP(FY1_1M_CHG)","A251270","넷마블","156.398157510392","OK","589"
"2023-01-17","ALL","OP(FY1_1M_CHG)","A253450","스튜디오드래곤","21.4964810470429","OK","590"
"2023-01-17","ALL","OP(FY1_1M_CHG)","A256840","한국비엔씨","","BLANK","591"
"2023-01-17","ALL","OP(FY1_1M_CHG)","A259960","크래프톤","-11.4167352820091","OK","592"
"2023-01-17","ALL","OP(FY1_1M_CHG)","A263720","디앤씨미디어","126.984126984127","OK","593"
"2023-01-17","ALL","OP(FY1_1M_CHG)","A263750","펄어비스","301.404358353511","OK","594"
"2023-01-17","ALL","OP(FY1_1M_CHG)","A265520","AP시스템","10.2651257647859","OK","595"
"2023-01-17","ALL","OP(FY1_1M_CHG)","A267250","HD현대","-8.05721044437915","OK","596"
"2023-01-17","ALL","OP(FY1_1M_CHG)","A267260","HD현대일렉트릭","56.873382856189","OK","597"
"2023-01-17","ALL","OP(FY1_1M_CHG)","A267270","HD건설기계","7.26444102789369","OK","598"
"2023-01-17","ALL","OP(FY1_1M_CHG)","A267980","매일유업","8.75595404875315","OK","599"
"2023-01-17","ALL","OP(FY1_1M_CHG)","A268280","미원에스씨","","BLANK","600"
"2023-01-17","ALL","OP(FY1_1M_CHG)","A271560","오리온","13.5628984466194","OK","601"
"2023-01-17","ALL","OP(FY1_1M_CHG)","A271940","일진하이솔루스","40.4354587869362","OK","602"
"2023-01-17","ALL","OP(FY1_1M_CHG)","A271980","제일약품","","BLANK","603"
"2023-01-17","ALL","OP(FY1_1M_CHG)","A272210","한화시스템","70.0227884814584","OK","604"
"2023-01-17","ALL","OP(FY1_1M_CHG)","A272290","이녹스첨단소재","-4.23013396953569","OK","605"
"2023-01-17","ALL","OP(FY1_1M_CHG)","A272450","진에어","221.981004070556","OK","606"
"2023-01-17","ALL","OP(FY1_1M_CHG)","A272550","삼양패키징","","BLANK","607"
"2023-01-17","ALL","OP(FY1_1M_CHG)","A277810","레인보우로보틱스","140","OK","608"
"2023-01-17","ALL","OP(FY1_1M_CHG)","A278280","천보","56.1304275494926","OK","609"
"2023-01-17","ALL","OP(FY1_1M_CHG)","A278650","HLB바이오스텝","","BLANK","610"
"2023-01-17","ALL","OP(FY1_1M_CHG)","A280360","롯데웰푸드","58.7619047619047","OK","611"
"2023-01-17","ALL","OP(FY1_1M_CHG)","A281740","레이크머티리얼즈","21.6438356164384","OK","612"
"2023-01-17","ALL","OP(FY1_1M_CHG)","A281820","케이씨텍","-12.4603174603175","OK","613"
"2023-01-17","ALL","OP(FY1_1M_CHG)","A282330","BGF리테일","17.5081992220273","OK","614"
"2023-01-17","ALL","OP(FY1_1M_CHG)","A284740","쿠쿠홈시스","","BLANK","615"
"2023-01-17","ALL","OP(FY1_1M_CHG)","A285130","SK케미칼","","BLANK","616"
"2023-01-17","ALL","OP(FY1_1M_CHG)","A286940","롯데이노베이트","54","OK","617"
"2023-01-17","ALL","OP(FY1_1M_CHG)","A289220","자이언트스텝","","BLANK","618"
"2023-01-17","ALL","OP(FY1_1M_CHG)","A290650","엘앤씨바이오","","BLANK","619"
"2023-01-17","ALL","OP(FY1_1M_CHG)","A290670","대보마그네틱","39.8230088495575","OK","620"
"2023-01-17","ALL","OP(FY1_1M_CHG)","A293480","하나제약","6.37119113573406","OK","621"
"2023-01-17","ALL","OP(FY1_1M_CHG)","A293490","카카오게임즈","47.5416239441434","OK","622"
"2023-01-17","ALL","OP(FY1_1M_CHG)","A294090","이오플로우","","BLANK","623"
"2023-01-17","ALL","OP(FY1_1M_CHG)","A294570","쿠콘","21.7798594847775","OK","624"
"2023-01-17","ALL","OP(FY1_1M_CHG)","A294870","IPARK현대산업개발","","BLANK","625"
"2023-01-17","ALL","OP(FY1_1M_CHG)","A298000","효성화학","203.902953586498","OK","626"
"2023-01-17","ALL","OP(FY1_1M_CHG)","A298020","효성티앤씨","11.4853877247596","OK","627"
"2023-01-17","ALL","OP(FY1_1M_CHG)","A298040","효성중공업","20.13302634945","OK","628"
"2023-01-17","ALL","OP(FY1_1M_CHG)","A298050","HS효성첨단소재","7.01601164483261","OK","629"
"2023-01-17","ALL","OP(FY1_1M_CHG)","A298380","에이비엘바이오","-166.666666666667","OK","630"
"2023-01-17","ALL","OP(FY1_1M_CHG)","A298540","더네이쳐홀딩스","26.0102183000464","OK","631"
"2023-01-17","ALL","OP(FY1_1M_CHG)","A298690","에어부산","","BLANK","632"
"2023-01-17","ALL","OP(FY1_1M_CHG)","A299030","하나기술","288.949079089924","OK","633"
"2023-01-17","ALL","OP(FY1_1M_CHG)","A299900","위지윅스튜디오","131.325301204819","OK","634"
"2023-01-17","ALL","OP(FY1_1M_CHG)","A300720","한일시멘트","35.5329949238578","OK","635"
"2023-01-17","ALL","OP(FY1_1M_CHG)","A302440","SK바이오사이언스","-35.0275202062776","OK","636"
"2023-01-17","ALL","OP(FY1_1M_CHG)","A306200","세아제강","-16.6404096100827","OK","637"
"2023-01-17","ALL","OP(FY1_1M_CHG)","A307750","국전","","BLANK","638"
"2023-01-17","ALL","OP(FY1_1M_CHG)","A307950","현대오토에버","27.8605336388934","OK","639"
"2023-01-17","ALL","OP(FY1_1M_CHG)","A310210","보로노이","","BLANK","640"
"2023-01-17","ALL","OP(FY1_1M_CHG)","A314130","지놈앤컴퍼니","","BLANK","641"
"2023-01-17","ALL","OP(FY1_1M_CHG)","A316140","우리금융지주","5.55124294093079","OK","642"
"2023-01-17","ALL","OP(FY1_1M_CHG)","A317330","덕산테코피아","50.1228501228501","OK","643"
"2023-01-17","ALL","OP(FY1_1M_CHG)","A319400","현대무벡스","","BLANK","644"
"2023-01-17","ALL","OP(FY1_1M_CHG)","A319660","피에스케이","-8.241450196225","OK","645"
"2023-01-17","ALL","OP(FY1_1M_CHG)","A321550","티움바이오","-.735294117647056","OK","646"
"2023-01-17","ALL","OP(FY1_1M_CHG)","A322000","HD현대에너지솔루션","28.5297488798583","OK","647"
"2023-01-17","ALL","OP(FY1_1M_CHG)","A323410","카카오뱅크","49.1227108235552","OK","648"
"2023-01-17","ALL","OP(FY1_1M_CHG)","A323990","박셀바이오","","BLANK","649"
"2023-01-17","ALL","OP(FY1_1M_CHG)","A326030","SK바이오팜","69.258274502613","OK","650"
"2023-01-17","ALL","OP(FY1_1M_CHG)","A328130","루닛","","BLANK","651"
"2023-01-17","ALL","OP(FY1_1M_CHG)","A329180","HD현대중공업","254.576775223036","OK","652"
"2023-01-17","ALL","OP(FY1_1M_CHG)","A336260","두산퓨얼셀","27214.2857142857","OK","653"
"2023-01-17","ALL","OP(FY1_1M_CHG)","A336370","솔루스첨단소재","152.366071428571","OK","654"
"2023-01-17","ALL","OP(FY1_1M_CHG)","A336570","원텍","","BLANK","655"
"2023-01-17","ALL","OP(FY1_1M_CHG)","A340570","티앤엘","20.3305785123967","OK","656"
"2023-01-17","ALL","OP(FY1_1M_CHG)","A344820","KCC글라스","","BLANK","657"
"2023-01-17","ALL","OP(FY1_1M_CHG)","A348210","넥스틴","31.6255840180441","OK","658"
"2023-01-17","ALL","OP(FY1_1M_CHG)","A348370","엔켐","1612.32876712329","OK","659"
"2023-01-17","ALL","OP(FY1_1M_CHG)","A352480","씨앤씨인터내셔널","48.724331051649","OK","660"
"2023-01-17","ALL","OP(FY1_1M_CHG)","A352820","하이브","-12.1375310687655","OK","661"
"2023-01-17","ALL","OP(FY1_1M_CHG)","A353200","대덕전자","7.19512693675645","OK","662"
"2023-01-17","ALL","OP(FY1_1M_CHG)","A357780","솔브레인","6.98481155072192","OK","663"
"2023-01-17","ALL","OP(FY1_1M_CHG)","A360070","탑머티리얼","","BLANK","664"
"2023-01-17","ALL","OP(FY1_1M_CHG)","A361610","SK아이이테크놀로지","307.379584622183","OK","665"
"2023-01-17","ALL","OP(FY1_1M_CHG)","A363280","티와이홀딩스","","BLANK","666"
"2023-01-17","ALL","OP(FY1_1M_CHG)","A365340","성일하이텍","","BLANK","667"
"2023-01-17","ALL","OP(FY1_1M_CHG)","A366030","나인앤컴퍼니","","BLANK","668"
"2023-01-17","ALL","OP(FY1_1M_CHG)","A372170","윤성에프앤씨","64.2105263157895","OK","669"
"2023-01-17","ALL","OP(FY1_1M_CHG)","A373220","LG에너지솔루션","57.313074770092","OK","670"
"2023-01-17","ALL","OP(FY1_1M_CHG)","A375500","DL이앤씨","2.21977416689618","OK","671"
"2023-01-17","ALL","OP(FY1_1M_CHG)","A376300","디어유","83.9782345828295","OK","672"
"2023-01-17","ALL","OP(FY1_1M_CHG)","A377300","카카오페이","55.1162088741322","OK","673"
"2023-01-17","ALL","OP(FY1_1M_CHG)","A377740","바이오노트","-32.7224398433128","OK","674"
"2023-01-17","ALL","OP(FY1_1M_CHG)","A381970","케이카","41.037653999653","OK","675"
"2023-01-17","ALL","OP(FY1_1M_CHG)","A382840","원준","62.9370629370629","OK","676"
"2023-01-17","ALL","OP(FY1_1M_CHG)","A383220","F&F","24.0189468589012","OK","677"
"2023-01-17","ALL","OP(FY1_1M_CHG)","A383310","에코프로에이치엔","","BLANK","678"
"2023-01-17","ALL","OP(FY1_1M_CHG)","A383800","LX홀딩스","","BLANK","679"
"2023-01-17","ALL","OP(FY1_1M_CHG)","A389260","대명에너지","","BLANK","680"
"2023-01-17","ALL","OP(FY1_1M_CHG)","A393890","더블유씨피","32.1731123388582","OK","681"
"2023-01-17","ALL","OP(FY1_1M_CHG)","A402340","SK스퀘어","-75.3905886007144","OK","682"
"2023-01-17","ALL","OP(FY1_1M_CHG)","A403550","쏘카","160","OK","683"
"2023-01-17","ALL","OP(FY1_1M_CHG)","A403870","HPSP","17.5456858662966","OK","684"
"2023-01-17","ALL","OP(FY1_1M_CHG)","A419530","SAMG엔터","","BLANK","685"
"2023-01-17","ALL","OP(FY1_1M_CHG)","A900140","엘브이엠씨홀딩스","","BLANK","686"
"2023-01-17","ALL","OP(FY1_1M_CHG)","A950130","엑세스바이오","","BLANK","687"
"2023-01-17","ALL","OP(FY1_1M_CHG)","A950160","코오롱티슈진","","BLANK","688"
"2023-01-17","ALL","OP(FY1_1M_CHG)","A950210","프레스티지바이오파마","","BLANK","689"
"2023-01-17","ALL","OP(FY1_1M_CHG)","A950220","네오이뮨텍","","BLANK","690"
