Date,Universe,Factor,StockCode,StockName,FactorValue,ValueStatus,SourceRow
"2025-01-23","ALL","OP(FY1_1M_CHG)","A000070","삼양홀딩스","","BLANK","14"
"2025-01-23","ALL","OP(FY1_1M_CHG)","A000080","하이트진로","5.19527537674797","OK","15"
"2025-01-23","ALL","OP(FY1_1M_CHG)","A000100","유한양행","64.1396761133603","OK","16"
"2025-01-23","ALL","OP(FY1_1M_CHG)","A000120","CJ대한통운","6.33927382695856","OK","17"
"2025-01-23","ALL","OP(FY1_1M_CHG)","A000150","두산","20.3741729409081","OK","18"
"2025-01-23","ALL","OP(FY1_1M_CHG)","A000210","DL","-13.9717741935484","OK","19"
"2025-01-23","ALL","OP(FY1_1M_CHG)","A000240","한국앤컴퍼니","4.51187861848673","OK","20"
"2025-01-23","ALL","OP(FY1_1M_CHG)","A000250","삼천당제약","","BLANK","21"
"2025-01-23","ALL","OP(FY1_1M_CHG)","A000270","기아","-.628601964390721","OK","22"
"2025-01-23","ALL","OP(FY1_1M_CHG)","A000370","한화손해보험",".329178028827436","OK","23"
"2025-01-23","ALL","OP(FY1_1M_CHG)","A000400","롯데손해보험","","BLANK","24"
"2025-01-23","ALL","OP(FY1_1M_CHG)","A000480","CR홀딩스","","BLANK","25"
"2025-01-23","ALL","OP(FY1_1M_CHG)","A000490","대동","","BLANK","26"
"2025-01-23","ALL","OP(FY1_1M_CHG)","A000500","가온전선","","BLANK","27"
"2025-01-23","ALL","OP(FY1_1M_CHG)","A000520","삼일제약","33.3333333333333","OK","28"
"2025-01-23","ALL","OP(FY1_1M_CHG)","A000640","동아쏘시오홀딩스","25.2330640149161","OK","29"
"2025-01-23","ALL","OP(FY1_1M_CHG)","A000660","SK하이닉스","42.3821155969346","OK","30"
"2025-01-23","ALL","OP(FY1_1M_CHG)","A000670","영풍","","BLANK","31"
"2025-01-23","ALL","OP(FY1_1M_CHG)","A000680","LS네트웍스","","BLANK","32"
"2025-01-23","ALL","OP(FY1_1M_CHG)","A000720","현대건설","48.6772073857872","OK","33"
"2025-01-23","ALL","OP(FY1_1M_CHG)","A000810","삼성화재",".811436481229556","OK","34"
"2025-01-23","ALL","OP(FY1_1M_CHG)","A000880","한화","57.3051596833515","OK","35"
"2025-01-23","ALL","OP(FY1_1M_CHG)","A000990","DB하이텍","30.352644836272","OK","36"
"2025-01-23","ALL","OP(FY1_1M_CHG)","A001040","CJ","9.32045209040282","OK","37"
"2025-01-23","ALL","OP(FY1_1M_CHG)","A001060","JW중외제약","14.9186763881099","OK","38"
"2025-01-23","ALL","OP(FY1_1M_CHG)","A001120","LX인터내셔널","-9.51645386465401","OK","39"
"2025-01-23","ALL","OP(FY1_1M_CHG)","A001270","부국증권","","BLANK","40"
"2025-01-23","ALL","OP(FY1_1M_CHG)","A001340","PKC","","BLANK","41"
"2025-01-23","ALL","OP(FY1_1M_CHG)","A001390","KG케미칼","","BLANK","42"
"2025-01-23","ALL","OP(FY1_1M_CHG)","A001430","세아베스틸지주","12.3325892857143","OK","43"
"2025-01-23","ALL","OP(FY1_1M_CHG)","A001440","대한전선","17.3553719008264","OK","44"
"2025-01-23","ALL","OP(FY1_1M_CHG)","A001450","현대해상","-9.53758651746388","OK","45"
"2025-01-23","ALL","OP(FY1_1M_CHG)","A001530","DI동일","95.2830188679245","OK","46"
"2025-01-23","ALL","OP(FY1_1M_CHG)","A001570","금양","","BLANK","47"
"2025-01-23","ALL","OP(FY1_1M_CHG)","A001680","대상","5.40780141843972","OK","48"
"2025-01-23","ALL","OP(FY1_1M_CHG)","A001720","신영증권","","BLANK","49"
"2025-01-23","ALL","OP(FY1_1M_CHG)","A001740","SK네트웍스","7.82012847965738","OK","50"
"2025-01-23","ALL","OP(FY1_1M_CHG)","A001800","오리온홀딩스","","BLANK","51"
"2025-01-23","ALL","OP(FY1_1M_CHG)","A001820","삼화콘덴서","31.2236286919831","OK","52"
"2025-01-23","ALL","OP(FY1_1M_CHG)","A001940","KISCO홀딩스","","BLANK","53"
"2025-01-23","ALL","OP(FY1_1M_CHG)","A002030","아세아","","BLANK","54"
"2025-01-23","ALL","OP(FY1_1M_CHG)","A002240","고려제강","","BLANK","55"
"2025-01-23","ALL","OP(FY1_1M_CHG)","A002310","아세아제지","","BLANK","56"
"2025-01-23","ALL","OP(FY1_1M_CHG)","A002320","한진","17.6029962546816","OK","57"
"2025-01-23","ALL","OP(FY1_1M_CHG)","A002350","넥센타이어","1.61986560455698","OK","58"
"2025-01-23","ALL","OP(FY1_1M_CHG)","A002380","KCC","-.348156023933124","OK","59"
"2025-01-23","ALL","OP(FY1_1M_CHG)","A002710","TCC스틸","92.7419354838709","OK","60"
"2025-01-23","ALL","OP(FY1_1M_CHG)","A002790","아모레퍼시픽홀딩스","54.384644335717","OK","61"
"2025-01-23","ALL","OP(FY1_1M_CHG)","A002840","미원상사","","BLANK","62"
"2025-01-23","ALL","OP(FY1_1M_CHG)","A002960","한국쉘석유","","BLANK","63"
"2025-01-23","ALL","OP(FY1_1M_CHG)","A003000","부광약품","","BLANK","64"
"2025-01-23","ALL","OP(FY1_1M_CHG)","A003030","세아제강지주","","BLANK","65"
"2025-01-23","ALL","OP(FY1_1M_CHG)","A003090","대웅","-6.4881176914372","OK","66"
"2025-01-23","ALL","OP(FY1_1M_CHG)","A003160","디아이","1738.88888888889","OK","67"
"2025-01-23","ALL","OP(FY1_1M_CHG)","A003220","대원제약","46.6076696165192","OK","68"
"2025-01-23","ALL","OP(FY1_1M_CHG)","A003230","삼양식품","24.3071933962264","OK","69"
"2025-01-23","ALL","OP(FY1_1M_CHG)","A003240","태광산업","","BLANK","70"
"2025-01-23","ALL","OP(FY1_1M_CHG)","A003280","흥아해운","","BLANK","71"
"2025-01-23","ALL","OP(FY1_1M_CHG)","A003300","한일홀딩스","","BLANK","72"
"2025-01-23","ALL","OP(FY1_1M_CHG)","A003380","하림지주","","BLANK","73"
"2025-01-23","ALL","OP(FY1_1M_CHG)","A003470","유안타증권","","BLANK","74"
"2025-01-23","ALL","OP(FY1_1M_CHG)","A003490","대한항공","9.44455827295249","OK","75"
"2025-01-23","ALL","OP(FY1_1M_CHG)","A003520","영진약품","","BLANK","76"
"2025-01-23","ALL","OP(FY1_1M_CHG)","A003530","한화투자증권","","BLANK","77"
"2025-01-23","ALL","OP(FY1_1M_CHG)","A003540","대신증권","39.8280802292264","OK","78"
"2025-01-23","ALL","OP(FY1_1M_CHG)","A003550","LG","35.3419032315658","OK","79"
"2025-01-23","ALL","OP(FY1_1M_CHG)","A003570","SNT다이내믹스","-31.4757481940144","OK","80"
"2025-01-23","ALL","OP(FY1_1M_CHG)","A003620","KG모빌리티","","BLANK","81"
"2025-01-23","ALL","OP(FY1_1M_CHG)","A003670","포스코퓨처엠","195.364772269246","OK","82"
"2025-01-23","ALL","OP(FY1_1M_CHG)","A003690","코리안리","7.98471497419226","OK","83"
"2025-01-23","ALL","OP(FY1_1M_CHG)","A003800","에이스침대","","BLANK","84"
"2025-01-23","ALL","OP(FY1_1M_CHG)","A003850","보령","17.590027700831","OK","85"
"2025-01-23","ALL","OP(FY1_1M_CHG)","A003920","남양유업","","BLANK","86"
"2025-01-23","ALL","OP(FY1_1M_CHG)","A003960","사조대림","","BLANK","87"
"2025-01-23","ALL","OP(FY1_1M_CHG)","A004000","롯데정밀화학","115.785986417095","OK","88"
"2025-01-23","ALL","OP(FY1_1M_CHG)","A004020","현대제철","73.4810557810232","OK","89"
"2025-01-23","ALL","OP(FY1_1M_CHG)","A004170","신세계","3.83525822619307","OK","90"
"2025-01-23","ALL","OP(FY1_1M_CHG)","A004370","농심","7.78477690288715","OK","91"
"2025-01-23","ALL","OP(FY1_1M_CHG)","A004430","송원산업","43.1177446102819","OK","92"
"2025-01-23","ALL","OP(FY1_1M_CHG)","A004490","세방전지","18.9393939393939","OK","93"
"2025-01-23","ALL","OP(FY1_1M_CHG)","A004690","삼천리","","BLANK","94"
"2025-01-23","ALL","OP(FY1_1M_CHG)","A004700","조광피혁","","BLANK","95"
"2025-01-23","ALL","OP(FY1_1M_CHG)","A004800","효성","22.6053639846743","OK","96"
"2025-01-23","ALL","OP(FY1_1M_CHG)","A004990","롯데지주","12.7622377622378","OK","97"
"2025-01-23","ALL","OP(FY1_1M_CHG)","A005010","휴스틸","","BLANK","98"
"2025-01-23","ALL","OP(FY1_1M_CHG)","A005070","코스모신소재","87.6301040832666","OK","99"
"2025-01-23","ALL","OP(FY1_1M_CHG)","A005090","SGC에너지","-9.30355427473582","OK","100"
"2025-01-23","ALL","OP(FY1_1M_CHG)","A005180","빙그레","11.1720135418346","OK","101"
"2025-01-23","ALL","OP(FY1_1M_CHG)","A005250","녹십자홀딩스","","BLANK","102"
"2025-01-23","ALL","OP(FY1_1M_CHG)","A005290","동진쎄미켐","","BLANK","103"
"2025-01-23","ALL","OP(FY1_1M_CHG)","A005300","롯데칠성","17.7627800114877","OK","104"
"2025-01-23","ALL","OP(FY1_1M_CHG)","A005380","현대차","-.283443007426685","OK","105"
"2025-01-23","ALL","OP(FY1_1M_CHG)","A005420","코스모화학","","BLANK","106"
"2025-01-23","ALL","OP(FY1_1M_CHG)","A005440","현대지에프홀딩스","46.5688975543593","OK","107"
"2025-01-23","ALL","OP(FY1_1M_CHG)","A005490","POSCO홀딩스","14.2319802210342","OK","108"
"2025-01-23","ALL","OP(FY1_1M_CHG)","A005610","삼립","7.02449933922944","OK","109"
"2025-01-23","ALL","OP(FY1_1M_CHG)","A005690","파미셀","","BLANK","110"
"2025-01-23","ALL","OP(FY1_1M_CHG)","A005810","풍산홀딩스","-7.02370500438982","OK","111"
"2025-01-23","ALL","OP(FY1_1M_CHG)","A005830","DB손해보험","-2.65214631436959","OK","112"
"2025-01-23","ALL","OP(FY1_1M_CHG)","A005850","에스엘","2.93290292829145","OK","113"
"2025-01-23","ALL","OP(FY1_1M_CHG)","A005880","대한해운","-17.2447469665582","OK","114"
"2025-01-23","ALL","OP(FY1_1M_CHG)","A005930","삼성전자","-.483381357371977","OK","115"
"2025-01-23","ALL","OP(FY1_1M_CHG)","A005940","NH투자증권","7.50497179930231","OK","116"
"2025-01-23","ALL","OP(FY1_1M_CHG)","A006040","동원산업","14.1104294478528","OK","117"
"2025-01-23","ALL","OP(FY1_1M_CHG)","A006060","화승인더","","BLANK","118"
"2025-01-23","ALL","OP(FY1_1M_CHG)","A006110","삼아알미늄","","BLANK","119"
"2025-01-23","ALL","OP(FY1_1M_CHG)","A006120","SK디스커버리","","BLANK","120"
"2025-01-23","ALL","OP(FY1_1M_CHG)","A006220","제주은행","","BLANK","121"
"2025-01-23","ALL","OP(FY1_1M_CHG)","A006260","LS","6.72216084422263","OK","122"
"2025-01-23","ALL","OP(FY1_1M_CHG)","A006280","녹십자","64.2609172300384","OK","123"
"2025-01-23","ALL","OP(FY1_1M_CHG)","A006340","대원전선","","BLANK","124"
"2025-01-23","ALL","OP(FY1_1M_CHG)","A006360","GS건설","36.2260046447364","OK","125"
"2025-01-23","ALL","OP(FY1_1M_CHG)","A006380","카프로","","BLANK","126"
"2025-01-23","ALL","OP(FY1_1M_CHG)","A006400","삼성SDI","54.1849884350456","OK","127"
"2025-01-23","ALL","OP(FY1_1M_CHG)","A006650","대한유화","224.247531904647","OK","128"
"2025-01-23","ALL","OP(FY1_1M_CHG)","A006730","서부T&D","9.81963927855711","OK","129"
"2025-01-23","ALL","OP(FY1_1M_CHG)","A006800","미래에셋증권","1.66614300462318","OK","130"
"2025-01-23","ALL","OP(FY1_1M_CHG)","A007070","GS리테일","4.89173488249274","OK","131"
"2025-01-23","ALL","OP(FY1_1M_CHG)","A007310","오뚜기","-4.68631897203327","OK","132"
"2025-01-23","ALL","OP(FY1_1M_CHG)","A007340","DN오토모티브","","BLANK","133"
"2025-01-23","ALL","OP(FY1_1M_CHG)","A007390","네이처셀","","BLANK","134"
"2025-01-23","ALL","OP(FY1_1M_CHG)","A007460","에이프로젠","","BLANK","135"
"2025-01-23","ALL","OP(FY1_1M_CHG)","A007660","이수페타시스","49.2546986390149","OK","136"
"2025-01-23","ALL","OP(FY1_1M_CHG)","A007690","국도화학","","BLANK","137"
"2025-01-23","ALL","OP(FY1_1M_CHG)","A007700","F&F홀딩스","","BLANK","138"
"2025-01-23","ALL","OP(FY1_1M_CHG)","A008730","율촌화학","","BLANK","139"
"2025-01-23","ALL","OP(FY1_1M_CHG)","A008770","호텔신라","223.827534039334","OK","140"
"2025-01-23","ALL","OP(FY1_1M_CHG)","A008930","한미사이언스","","BLANK","141"
"2025-01-23","ALL","OP(FY1_1M_CHG)","A009150","삼성전기","20.3449703682617","OK","142"
"2025-01-23","ALL","OP(FY1_1M_CHG)","A009160","SIMPAC","","BLANK","143"
"2025-01-23","ALL","OP(FY1_1M_CHG)","A009240","한샘","35.4631828978622","OK","144"
"2025-01-23","ALL","OP(FY1_1M_CHG)","A009290","광동제약","","BLANK","145"
"2025-01-23","ALL","OP(FY1_1M_CHG)","A009410","태영건설","","BLANK","146"
"2025-01-23","ALL","OP(FY1_1M_CHG)","A009420","한올바이오파마","1763.39285714286","OK","147"
"2025-01-23","ALL","OP(FY1_1M_CHG)","A009450","경동나비엔","15.6848572461149","OK","148"
"2025-01-23","ALL","OP(FY1_1M_CHG)","A009470","삼화전기","23.0769230769231","OK","149"
"2025-01-23","ALL","OP(FY1_1M_CHG)","A009520","포스코엠텍","","BLANK","150"
"2025-01-23","ALL","OP(FY1_1M_CHG)","A009540","HD한국조선해양","74.222747781039","OK","151"
"2025-01-23","ALL","OP(FY1_1M_CHG)","A009680","모토닉","","BLANK","152"
"2025-01-23","ALL","OP(FY1_1M_CHG)","A009830","한화솔루션","250.431023324445","OK","153"
"2025-01-23","ALL","OP(FY1_1M_CHG)","A009900","명신산업","-.874316939890707","OK","154"
"2025-01-23","ALL","OP(FY1_1M_CHG)","A009970","영원무역홀딩스","","BLANK","155"
"2025-01-23","ALL","OP(FY1_1M_CHG)","A010060","OCI홀딩스","59.6719319562576","OK","156"
"2025-01-23","ALL","OP(FY1_1M_CHG)","A010120","LS ELECTRIC","19.7224087754645","OK","157"
"2025-01-23","ALL","OP(FY1_1M_CHG)","A010130","고려아연","","BLANK","158"
"2025-01-23","ALL","OP(FY1_1M_CHG)","A010140","삼성중공업","63.9898883505372","OK","159"
"2025-01-23","ALL","OP(FY1_1M_CHG)","A010690","화신","3.37078651685393","OK","160"
"2025-01-23","ALL","OP(FY1_1M_CHG)","A010780","아이에스동서","-6.312375249501","OK","161"
"2025-01-23","ALL","OP(FY1_1M_CHG)","A010950","S-Oil","193.997150857199","OK","162"
"2025-01-23","ALL","OP(FY1_1M_CHG)","A011070","LG이노텍","-11.4133299861931","OK","163"
"2025-01-23","ALL","OP(FY1_1M_CHG)","A011170","롯데케미칼","107.591980552293","OK","164"
"2025-01-23","ALL","OP(FY1_1M_CHG)","A011200","HMM","-50.8442357150844","OK","165"
"2025-01-23","ALL","OP(FY1_1M_CHG)","A011210","현대위아","3.06968493309166","OK","166"
"2025-01-23","ALL","OP(FY1_1M_CHG)","A011760","현대코퍼레이션","-.154798761609898","OK","167"
"2025-01-23","ALL","OP(FY1_1M_CHG)","A011780","금호석유화학","25.0459086806312","OK","168"
"2025-01-23","ALL","OP(FY1_1M_CHG)","A011790","SKC","94.5566029865688","OK","169"
"2025-01-23","ALL","OP(FY1_1M_CHG)","A011930","신성이엔지","","BLANK","170"
"2025-01-23","ALL","OP(FY1_1M_CHG)","A012030","DB","","BLANK","171"
"2025-01-23","ALL","OP(FY1_1M_CHG)","A012330","현대모비스","18.2633109955615","OK","172"
"2025-01-23","ALL","OP(FY1_1M_CHG)","A012450","한화에어로스페이스","21.8293051359517","OK","173"
"2025-01-23","ALL","OP(FY1_1M_CHG)","A012510","더존비즈온","16.9606185068857","OK","174"
"2025-01-23","ALL","OP(FY1_1M_CHG)","A012630","HDC","","BLANK","175"
"2025-01-23","ALL","OP(FY1_1M_CHG)","A012750","에스원","8.56524873828406","OK","176"
"2025-01-23","ALL","OP(FY1_1M_CHG)","A013030","하이록코리아","","BLANK","177"
"2025-01-23","ALL","OP(FY1_1M_CHG)","A013890","지누스","914.285714285714","OK","178"
"2025-01-23","ALL","OP(FY1_1M_CHG)","A014620","성광벤드","29.7712717291857","OK","179"
"2025-01-23","ALL","OP(FY1_1M_CHG)","A014680","한솔케미칼","15.5771385879716","OK","180"
"2025-01-23","ALL","OP(FY1_1M_CHG)","A014820","동원시스템즈","9.5890410958904","OK","181"
"2025-01-23","ALL","OP(FY1_1M_CHG)","A014830","유니드","12.2586691658857","OK","182"
"2025-01-23","ALL","OP(FY1_1M_CHG)","A014940","오리엔탈정공","22.0136518771331","OK","183"
"2025-01-23","ALL","OP(FY1_1M_CHG)","A015360","INVENI","","BLANK","184"
"2025-01-23","ALL","OP(FY1_1M_CHG)","A015750","성우하이텍","","BLANK","185"
"2025-01-23","ALL","OP(FY1_1M_CHG)","A015760","한국전력","47.6703637190084","OK","186"
"2025-01-23","ALL","OP(FY1_1M_CHG)","A016360","삼성증권","-1.6561453727605","OK","187"
"2025-01-23","ALL","OP(FY1_1M_CHG)","A016380","KG스틸","8.40658102321389","OK","188"
"2025-01-23","ALL","OP(FY1_1M_CHG)","A016800","퍼시스","","BLANK","189"
"2025-01-23","ALL","OP(FY1_1M_CHG)","A017670","SK텔레콤","5.00651726683104","OK","190"
"2025-01-23","ALL","OP(FY1_1M_CHG)","A017800","현대엘리베이터","","BLANK","191"
"2025-01-23","ALL","OP(FY1_1M_CHG)","A017810","풀무원","16.8181818181818","OK","192"
"2025-01-23","ALL","OP(FY1_1M_CHG)","A017860","DS단석","","BLANK","193"
"2025-01-23","ALL","OP(FY1_1M_CHG)","A017940","E1","","BLANK","194"
"2025-01-23","ALL","OP(FY1_1M_CHG)","A017960","한국카본","21.5171852755745","OK","195"
"2025-01-23","ALL","OP(FY1_1M_CHG)","A018250","애경산업","-.481417292509147","OK","196"
"2025-01-23","ALL","OP(FY1_1M_CHG)","A018260","삼성에스디에스","4.84639049264613","OK","197"
"2025-01-23","ALL","OP(FY1_1M_CHG)","A018290","브이티","20.3352448169387","OK","198"
"2025-01-23","ALL","OP(FY1_1M_CHG)","A018310","삼목에스폼","","BLANK","199"
"2025-01-23","ALL","OP(FY1_1M_CHG)","A018670","SK가스","91.2100660360521","OK","200"
"2025-01-23","ALL","OP(FY1_1M_CHG)","A018880","한온시스템","12.4344768097671","OK","201"
"2025-01-23","ALL","OP(FY1_1M_CHG)","A019170","신풍제약","","BLANK","202"
"2025-01-23","ALL","OP(FY1_1M_CHG)","A020000","한섬","23.690426566625","OK","203"
"2025-01-23","ALL","OP(FY1_1M_CHG)","A020150","롯데에너지머티리얼즈","161.810879883169","OK","204"
"2025-01-23","ALL","OP(FY1_1M_CHG)","A020560","아시아나항공","","BLANK","205"
"2025-01-23","ALL","OP(FY1_1M_CHG)","A021240","코웨이","8.18557231610033","OK","206"
"2025-01-23","ALL","OP(FY1_1M_CHG)","A022100","포스코DX","","BLANK","207"
"2025-01-23","ALL","OP(FY1_1M_CHG)","A023160","태광","34.4300822561692","OK","208"
"2025-01-23","ALL","OP(FY1_1M_CHG)","A023410","유진기업","","BLANK","209"
"2025-01-23","ALL","OP(FY1_1M_CHG)","A023530","롯데쇼핑","7.40383902764395","OK","210"
"2025-01-23","ALL","OP(FY1_1M_CHG)","A023590","다우기술","","BLANK","211"
"2025-01-23","ALL","OP(FY1_1M_CHG)","A024110","기업은행","1.36097780443912","OK","212"
"2025-01-23","ALL","OP(FY1_1M_CHG)","A024850","HLB이노베이션","","BLANK","213"
"2025-01-23","ALL","OP(FY1_1M_CHG)","A025320","시노펙스","","BLANK","214"
"2025-01-23","ALL","OP(FY1_1M_CHG)","A025540","한국단자","6.44391408114559","OK","215"
"2025-01-23","ALL","OP(FY1_1M_CHG)","A025770","한국정보통신","","BLANK","216"
"2025-01-23","ALL","OP(FY1_1M_CHG)","A025860","남해화학","","BLANK","217"
"2025-01-23","ALL","OP(FY1_1M_CHG)","A025900","동화기업","216.666666666667","OK","218"
"2025-01-23","ALL","OP(FY1_1M_CHG)","A025950","동신건설","","BLANK","219"
"2025-01-23","ALL","OP(FY1_1M_CHG)","A025980","아난티","","BLANK","220"
"2025-01-23","ALL","OP(FY1_1M_CHG)","A026890","스틱인베스트먼트","","BLANK","221"
"2025-01-23","ALL","OP(FY1_1M_CHG)","A026960","동서","","BLANK","222"
"2025-01-23","ALL","OP(FY1_1M_CHG)","A027360","아주IB투자","","BLANK","223"
"2025-01-23","ALL","OP(FY1_1M_CHG)","A027410","BGF","9.52380952380952","OK","224"
"2025-01-23","ALL","OP(FY1_1M_CHG)","A028050","삼성E&A","-13.1015017944876","OK","225"
"2025-01-23","ALL","OP(FY1_1M_CHG)","A028260","삼성물산","3.35305849750858","OK","226"
"2025-01-23","ALL","OP(FY1_1M_CHG)","A028300","HLB","","BLANK","227"
"2025-01-23","ALL","OP(FY1_1M_CHG)","A028670","팬오션","4.26615727475327","OK","228"
"2025-01-23","ALL","OP(FY1_1M_CHG)","A029530","신도리코","","BLANK","229"
"2025-01-23","ALL","OP(FY1_1M_CHG)","A029780","삼성카드","1.95232690124859","OK","230"
"2025-01-23","ALL","OP(FY1_1M_CHG)","A030000","제일기획","6.18701883958189","OK","231"
"2025-01-23","ALL","OP(FY1_1M_CHG)","A030190","NICE평가정보","11.3908872901679","OK","232"
"2025-01-23","ALL","OP(FY1_1M_CHG)","A030200","KT","140.718037646063","OK","233"
"2025-01-23","ALL","OP(FY1_1M_CHG)","A030520","한컴","26.2071992976295","OK","234"
"2025-01-23","ALL","OP(FY1_1M_CHG)","A030610","교보증권","","BLANK","235"
"2025-01-23","ALL","OP(FY1_1M_CHG)","A031330","에스에이엠티","","BLANK","236"
"2025-01-23","ALL","OP(FY1_1M_CHG)","A031430","신세계인터내셔날","27.8584392014519","OK","237"
"2025-01-23","ALL","OP(FY1_1M_CHG)","A031980","피에스케이홀딩스","28.5106382978723","OK","238"
"2025-01-23","ALL","OP(FY1_1M_CHG)","A032190","다우데이타","","BLANK","239"
"2025-01-23","ALL","OP(FY1_1M_CHG)","A032350","롯데관광개발","86.8748681156362","OK","240"
"2025-01-23","ALL","OP(FY1_1M_CHG)","A032500","케이엠더블유","","BLANK","241"
"2025-01-23","ALL","OP(FY1_1M_CHG)","A032640","LG유플러스","4.65627455560983","OK","242"
"2025-01-23","ALL","OP(FY1_1M_CHG)","A032820","우리기술","","BLANK","243"
"2025-01-23","ALL","OP(FY1_1M_CHG)","A032830","삼성생명","5.26757592498261","OK","244"
"2025-01-23","ALL","OP(FY1_1M_CHG)","A033100","제룡전기","3.24459234608984","OK","245"
"2025-01-23","ALL","OP(FY1_1M_CHG)","A033240","자화전자","21.8604651162791","OK","246"
"2025-01-23","ALL","OP(FY1_1M_CHG)","A033270","유나이티드제약","","BLANK","247"
"2025-01-23","ALL","OP(FY1_1M_CHG)","A033500","동성화인텍","33.0687278044705","OK","248"
"2025-01-23","ALL","OP(FY1_1M_CHG)","A033780","KT&G","6.2489876575205","OK","249"
"2025-01-23","ALL","OP(FY1_1M_CHG)","A034020","두산에너빌리티","12.1485334489236","OK","250"
"2025-01-23","ALL","OP(FY1_1M_CHG)","A034120","SBS","739.824304538799","OK","251"
"2025-01-23","ALL","OP(FY1_1M_CHG)","A034220","LG디스플레이","251.394990905275","OK","252"
"2025-01-23","ALL","OP(FY1_1M_CHG)","A034230","파라다이스","9.74646032268687","OK","253"
"2025-01-23","ALL","OP(FY1_1M_CHG)","A034310","NICE","","BLANK","254"
"2025-01-23","ALL","OP(FY1_1M_CHG)","A034730","SK","34.3285790884718","OK","255"
"2025-01-23","ALL","OP(FY1_1M_CHG)","A034830","한국토지신탁","","BLANK","256"
"2025-01-23","ALL","OP(FY1_1M_CHG)","A034950","한국기업평가","","BLANK","257"
"2025-01-23","ALL","OP(FY1_1M_CHG)","A035150","백산","6.69398907103824","OK","258"
"2025-01-23","ALL","OP(FY1_1M_CHG)","A035250","강원랜드","5.66841638830186","OK","259"
"2025-01-23","ALL","OP(FY1_1M_CHG)","A035420","NAVER","15.5064776088952","OK","260"
"2025-01-23","ALL","OP(FY1_1M_CHG)","A035720","카카오","11.7039231865576","OK","261"
"2025-01-23","ALL","OP(FY1_1M_CHG)","A035760","CJ ENM","57.8911000552792","OK","262"
"2025-01-23","ALL","OP(FY1_1M_CHG)","A035890","서희건설","","BLANK","263"
"2025-01-23","ALL","OP(FY1_1M_CHG)","A035900","JYP Ent.","23.3137023949745","OK","264"
"2025-01-23","ALL","OP(FY1_1M_CHG)","A036460","한국가스공사","-3.1421949511455","OK","265"
"2025-01-23","ALL","OP(FY1_1M_CHG)","A036530","SNT홀딩스","","BLANK","266"
"2025-01-23","ALL","OP(FY1_1M_CHG)","A036540","SFA반도체","10.3896103896104","OK","267"
"2025-01-23","ALL","OP(FY1_1M_CHG)","A036570","NC","945.469798657718","OK","268"
"2025-01-23","ALL","OP(FY1_1M_CHG)","A036620","감성코퍼레이션","47.7965307079231","OK","269"
"2025-01-23","ALL","OP(FY1_1M_CHG)","A036810","에프에스티","","BLANK","270"
"2025-01-23","ALL","OP(FY1_1M_CHG)","A036830","솔브레인홀딩스","","BLANK","271"
"2025-01-23","ALL","OP(FY1_1M_CHG)","A036930","주성엔지니어링","21.9650864830237","OK","272"
"2025-01-23","ALL","OP(FY1_1M_CHG)","A037270","YG PLUS","","BLANK","273"
"2025-01-23","ALL","OP(FY1_1M_CHG)","A038500","삼표시멘트","","BLANK","274"
"2025-01-23","ALL","OP(FY1_1M_CHG)","A039030","이오테크닉스","117.15569653714","OK","275"
"2025-01-23","ALL","OP(FY1_1M_CHG)","A039130","하나투어","46.6051660516605","OK","276"
"2025-01-23","ALL","OP(FY1_1M_CHG)","A039200","오스코텍","1125","OK","277"
"2025-01-23","ALL","OP(FY1_1M_CHG)","A039440","에스티아이","276.558603491272","OK","278"
"2025-01-23","ALL","OP(FY1_1M_CHG)","A039490","키움증권","-.386093468660134","OK","279"
"2025-01-23","ALL","OP(FY1_1M_CHG)","A041020","폴라리스오피스","","BLANK","280"
"2025-01-23","ALL","OP(FY1_1M_CHG)","A041190","우리기술투자","","BLANK","281"
"2025-01-23","ALL","OP(FY1_1M_CHG)","A041510","에스엠","55.4785732614832","OK","282"
"2025-01-23","ALL","OP(FY1_1M_CHG)","A041830","인바디","19.0839694656489","OK","283"
"2025-01-23","ALL","OP(FY1_1M_CHG)","A041960","코미팜","","BLANK","284"
"2025-01-23","ALL","OP(FY1_1M_CHG)","A042000","카페24","47.9149291075896","OK","285"
"2025-01-23","ALL","OP(FY1_1M_CHG)","A042660","한화오션","267.296520906479","OK","286"
"2025-01-23","ALL","OP(FY1_1M_CHG)","A042700","한미반도체","61.4483288513254","OK","287"
"2025-01-23","ALL","OP(FY1_1M_CHG)","A043150","바텍","11.6761458681833","OK","288"
"2025-01-23","ALL","OP(FY1_1M_CHG)","A044490","태웅","","BLANK","289"
"2025-01-23","ALL","OP(FY1_1M_CHG)","A045100","한양이엔지","","BLANK","290"
"2025-01-23","ALL","OP(FY1_1M_CHG)","A046890","서울반도체","820","OK","291"
"2025-01-23","ALL","OP(FY1_1M_CHG)","A047040","대우건설","20.8863156755587","OK","292"
"2025-01-23","ALL","OP(FY1_1M_CHG)","A047050","포스코인터내셔널","1.18056581777582","OK","293"
"2025-01-23","ALL","OP(FY1_1M_CHG)","A047560","이스트소프트","185.915492957746","OK","294"
"2025-01-23","ALL","OP(FY1_1M_CHG)","A047810","한국항공우주","29.1293393057111","OK","295"
"2025-01-23","ALL","OP(FY1_1M_CHG)","A047920","HLB제약","","BLANK","296"
"2025-01-23","ALL","OP(FY1_1M_CHG)","A048410","현대바이오","","BLANK","297"
"2025-01-23","ALL","OP(FY1_1M_CHG)","A049070","인탑스","50","OK","298"
"2025-01-23","ALL","OP(FY1_1M_CHG)","A050890","쏠리드","16.8141592920354","OK","299"
"2025-01-23","ALL","OP(FY1_1M_CHG)","A051360","토비스","22.3386832623649","OK","300"
"2025-01-23","ALL","OP(FY1_1M_CHG)","A051600","한전KPS","4.379691733665","OK","301"
"2025-01-23","ALL","OP(FY1_1M_CHG)","A051900","LG생활건강","4.6189567957542","OK","302"
"2025-01-23","ALL","OP(FY1_1M_CHG)","A051910","LG화학","147.908039992516","OK","303"
"2025-01-23","ALL","OP(FY1_1M_CHG)","A051980","중앙첨단소재","","BLANK","304"
"2025-01-23","ALL","OP(FY1_1M_CHG)","A052020","에스티큐브","","BLANK","305"
"2025-01-23","ALL","OP(FY1_1M_CHG)","A052400","코나아이","","BLANK","306"
"2025-01-23","ALL","OP(FY1_1M_CHG)","A052690","한전기술","11.9530677096065","OK","307"
"2025-01-23","ALL","OP(FY1_1M_CHG)","A053030","바이넥스","266.897028334485","OK","308"
"2025-01-23","ALL","OP(FY1_1M_CHG)","A053610","프로텍","100","OK","309"
"2025-01-23","ALL","OP(FY1_1M_CHG)","A053800","안랩","","BLANK","310"
"2025-01-23","ALL","OP(FY1_1M_CHG)","A055550","신한지주","2.46975044021389","OK","311"
"2025-01-23","ALL","OP(FY1_1M_CHG)","A056080","유진로봇","","BLANK","312"
"2025-01-23","ALL","OP(FY1_1M_CHG)","A056190","SFA","1984.15841584158","OK","313"
"2025-01-23","ALL","OP(FY1_1M_CHG)","A057050","현대홈쇼핑","7.849897235298","OK","314"
"2025-01-23","ALL","OP(FY1_1M_CHG)","A058470","리노공업","10.6123839536666","OK","315"
"2025-01-23","ALL","OP(FY1_1M_CHG)","A058610","에스피지","31.0344827586207","OK","316"
"2025-01-23","ALL","OP(FY1_1M_CHG)","A058650","세아홀딩스","","BLANK","317"
"2025-01-23","ALL","OP(FY1_1M_CHG)","A058820","CMG제약","","BLANK","318"
"2025-01-23","ALL","OP(FY1_1M_CHG)","A058970","엠로","61.5023474178404","OK","319"
"2025-01-23","ALL","OP(FY1_1M_CHG)","A059090","미코","","BLANK","320"
"2025-01-23","ALL","OP(FY1_1M_CHG)","A060150","인선이엔티","","BLANK","321"
"2025-01-23","ALL","OP(FY1_1M_CHG)","A060250","NHN KCP","5.80173595248972","OK","322"
"2025-01-23","ALL","OP(FY1_1M_CHG)","A060280","큐렉소","","BLANK","323"
"2025-01-23","ALL","OP(FY1_1M_CHG)","A060370","LS마린솔루션","8.33333333333333","OK","324"
"2025-01-23","ALL","OP(FY1_1M_CHG)","A060980","HL홀딩스","16.8444165621079","OK","325"
"2025-01-23","ALL","OP(FY1_1M_CHG)","A062040","산일전기","40.5669599217986","OK","326"
"2025-01-23","ALL","OP(FY1_1M_CHG)","A064350","현대로템","45.5288569503705","OK","327"
"2025-01-23","ALL","OP(FY1_1M_CHG)","A064550","바이오니아","","BLANK","328"
"2025-01-23","ALL","OP(FY1_1M_CHG)","A064760","티씨케이","30.0890207715133","OK","329"
"2025-01-23","ALL","OP(FY1_1M_CHG)","A064960","SNT모티브","7.50711093051605","OK","330"
"2025-01-23","ALL","OP(FY1_1M_CHG)","A065350","신성델타테크","","BLANK","331"
"2025-01-23","ALL","OP(FY1_1M_CHG)","A066570","LG전자","3.31974669092344","OK","332"
"2025-01-23","ALL","OP(FY1_1M_CHG)","A066970","엘앤에프","105.730185644102","OK","333"
"2025-01-23","ALL","OP(FY1_1M_CHG)","A067160","SOOP","13.8039952193956","OK","334"
"2025-01-23","ALL","OP(FY1_1M_CHG)","A067310","하나마이크론","65.2292279211587","OK","335"
"2025-01-23","ALL","OP(FY1_1M_CHG)","A067630","HLB생명과학","","BLANK","336"
"2025-01-23","ALL","OP(FY1_1M_CHG)","A068240","다원시스","","BLANK","337"
"2025-01-23","ALL","OP(FY1_1M_CHG)","A068270","셀트리온","160.477389948423","OK","338"
"2025-01-23","ALL","OP(FY1_1M_CHG)","A068760","셀트리온제약","","BLANK","339"
"2025-01-23","ALL","OP(FY1_1M_CHG)","A069080","웹젠","4.17926373821804","OK","340"
"2025-01-23","ALL","OP(FY1_1M_CHG)","A069260","TKG휴켐스","-.603813559322042","OK","341"
"2025-01-23","ALL","OP(FY1_1M_CHG)","A069620","대웅제약","16.7416803055101","OK","342"
"2025-01-23","ALL","OP(FY1_1M_CHG)","A069960","현대백화점","26.385762521103","OK","343"
"2025-01-23","ALL","OP(FY1_1M_CHG)","A071050","한국금융지주","7.76134996517444","OK","344"
"2025-01-23","ALL","OP(FY1_1M_CHG)","A071280","로체시스템즈","","BLANK","345"
"2025-01-23","ALL","OP(FY1_1M_CHG)","A071320","지역난방공사","1.1726198946919","OK","346"
"2025-01-23","ALL","OP(FY1_1M_CHG)","A071970","HD현대마린엔진","46.2264150943396","OK","347"
"2025-01-23","ALL","OP(FY1_1M_CHG)","A072710","농심홀딩스","","BLANK","348"
"2025-01-23","ALL","OP(FY1_1M_CHG)","A073240","금호타이어","5.64270080254692","OK","349"
"2025-01-23","ALL","OP(FY1_1M_CHG)","A074600","원익QnC","7.64562083789936","OK","350"
"2025-01-23","ALL","OP(FY1_1M_CHG)","A075580","세진중공업","37.8538342768914","OK","351"
"2025-01-23","ALL","OP(FY1_1M_CHG)","A077970","STX엔진","-3.83244206773618","OK","352"
"2025-01-23","ALL","OP(FY1_1M_CHG)","A078130","국일제지","","BLANK","353"
"2025-01-23","ALL","OP(FY1_1M_CHG)","A078160","메디포스트","","BLANK","354"
"2025-01-23","ALL","OP(FY1_1M_CHG)","A078340","컴투스","825","OK","355"
"2025-01-23","ALL","OP(FY1_1M_CHG)","A078600","대주전자재료","51.4754098360656","OK","356"
"2025-01-23","ALL","OP(FY1_1M_CHG)","A078930","GS","-.176815634618445","OK","357"
"2025-01-23","ALL","OP(FY1_1M_CHG)","A079160","CJ CGV","45.7161125319693","OK","358"
"2025-01-23","ALL","OP(FY1_1M_CHG)","A079370","제우스","31.9656488549618","OK","359"
"2025-01-23","ALL","OP(FY1_1M_CHG)","A079550","LIG디펜스앤에어로스페이스","35.8474095412684","OK","360"
"2025-01-23","ALL","OP(FY1_1M_CHG)","A079900","전진건설로봇","14.2272860064271","OK","361"
"2025-01-23","ALL","OP(FY1_1M_CHG)","A080220","제주반도체","","BLANK","362"
"2025-01-23","ALL","OP(FY1_1M_CHG)","A081660","미스토홀딩스","24.1141876990933","OK","363"
"2025-01-23","ALL","OP(FY1_1M_CHG)","A082270","젬백스","","BLANK","364"
"2025-01-23","ALL","OP(FY1_1M_CHG)","A082640","동양생명","-3.00423985463355","OK","365"
"2025-01-23","ALL","OP(FY1_1M_CHG)","A082740","한화엔진","36.5420812046249","OK","366"
"2025-01-23","ALL","OP(FY1_1M_CHG)","A082800","비보존 제약","","BLANK","367"
"2025-01-23","ALL","OP(FY1_1M_CHG)","A082920","비츠로셀","8.10546875","OK","368"
"2025-01-23","ALL","OP(FY1_1M_CHG)","A083450","GST","","BLANK","369"
"2025-01-23","ALL","OP(FY1_1M_CHG)","A083650","비에이치아이","40.0788436268069","OK","370"
"2025-01-23","ALL","OP(FY1_1M_CHG)","A084010","대한제강","42.1052631578947","OK","371"
"2025-01-23","ALL","OP(FY1_1M_CHG)","A084110","휴온스글로벌","","BLANK","372"
"2025-01-23","ALL","OP(FY1_1M_CHG)","A084370","유진테크","76.8922622812566","OK","373"
"2025-01-23","ALL","OP(FY1_1M_CHG)","A084690","대상홀딩스","","BLANK","374"
"2025-01-23","ALL","OP(FY1_1M_CHG)","A084850","아이티엠반도체","341.818181818182","OK","375"
"2025-01-23","ALL","OP(FY1_1M_CHG)","A085620","미래에셋생명","23.5481366459627","OK","376"
"2025-01-23","ALL","OP(FY1_1M_CHG)","A085660","차바이오텍","","BLANK","377"
"2025-01-23","ALL","OP(FY1_1M_CHG)","A086280","현대글로비스","15.2067475591303","OK","378"
"2025-01-23","ALL","OP(FY1_1M_CHG)","A086390","유니테스트","","BLANK","379"
"2025-01-23","ALL","OP(FY1_1M_CHG)","A086450","동국제약","15.9110350727117","OK","380"
"2025-01-23","ALL","OP(FY1_1M_CHG)","A086520","에코프로","","BLANK","381"
"2025-01-23","ALL","OP(FY1_1M_CHG)","A086790","하나금융지주","1.79565728754352","OK","382"
"2025-01-23","ALL","OP(FY1_1M_CHG)","A086900","메디톡스","99.0903922683343","OK","383"
"2025-01-23","ALL","OP(FY1_1M_CHG)","A087010","펩트론","","BLANK","384"
"2025-01-23","ALL","OP(FY1_1M_CHG)","A088350","한화생명","-.367224662035193","OK","385"
"2025-01-23","ALL","OP(FY1_1M_CHG)","A089010","켐트로닉스","","BLANK","386"
"2025-01-23","ALL","OP(FY1_1M_CHG)","A089030","테크윙","480.524344569288","OK","387"
"2025-01-23","ALL","OP(FY1_1M_CHG)","A089590","제주항공","6.9200715184425","OK","388"
"2025-01-23","ALL","OP(FY1_1M_CHG)","A089860","롯데렌탈","14.8014562124991","OK","389"
"2025-01-23","ALL","OP(FY1_1M_CHG)","A089980","상아프론테크","4.4776119402985","OK","390"
"2025-01-23","ALL","OP(FY1_1M_CHG)","A090360","로보스타","","BLANK","391"
"2025-01-23","ALL","OP(FY1_1M_CHG)","A090430","아모레퍼시픽","81.4954276492738","OK","392"
"2025-01-23","ALL","OP(FY1_1M_CHG)","A090460","비에이치","4.72092649187711","OK","393"
"2025-01-23","ALL","OP(FY1_1M_CHG)","A091120","이엠텍","","BLANK","394"
"2025-01-23","ALL","OP(FY1_1M_CHG)","A091700","파트론","2.54098360655737","OK","395"
"2025-01-23","ALL","OP(FY1_1M_CHG)","A091810","트리니티항공","65.5552415936705","OK","396"
"2025-01-23","ALL","OP(FY1_1M_CHG)","A093050","LF","-20.6060606060606","OK","397"
"2025-01-23","ALL","OP(FY1_1M_CHG)","A093320","케이아이엔엑스","10.1351351351351","OK","398"
"2025-01-23","ALL","OP(FY1_1M_CHG)","A093370","후성","","BLANK","399"
"2025-01-23","ALL","OP(FY1_1M_CHG)","A094170","동운아나텍","25","OK","400"
"2025-01-23","ALL","OP(FY1_1M_CHG)","A094360","칩스앤미디어","43.6265709156194","OK","401"
"2025-01-23","ALL","OP(FY1_1M_CHG)","A094480","갤럭시아머니트리","","BLANK","402"
"2025-01-23","ALL","OP(FY1_1M_CHG)","A095340","ISC","33.2258064516129","OK","403"
"2025-01-23","ALL","OP(FY1_1M_CHG)","A095500","미래나노텍","","BLANK","404"
"2025-01-23","ALL","OP(FY1_1M_CHG)","A095610","테스","77.0089285714286","OK","405"
"2025-01-23","ALL","OP(FY1_1M_CHG)","A095660","네오위즈","13.0572241542839","OK","406"
"2025-01-23","ALL","OP(FY1_1M_CHG)","A096530","씨젠","1031.42857142857","OK","407"
"2025-01-23","ALL","OP(FY1_1M_CHG)","A096770","SK이노베이션","964.523905182804","OK","408"
"2025-01-23","ALL","OP(FY1_1M_CHG)","A097230","HJ중공업","","BLANK","409"
"2025-01-23","ALL","OP(FY1_1M_CHG)","A097520","엠씨넥스","22.7879117887286","OK","410"
"2025-01-23","ALL","OP(FY1_1M_CHG)","A097950","CJ제일제당","7.571291232404","OK","411"
"2025-01-23","ALL","OP(FY1_1M_CHG)","A098460","고영","144.41087613293","OK","412"
"2025-01-23","ALL","OP(FY1_1M_CHG)","A099190","아이센스","71.1711711711712","OK","413"
"2025-01-23","ALL","OP(FY1_1M_CHG)","A099320","쎄트렉아이","395.069033530572","OK","414"
"2025-01-23","ALL","OP(FY1_1M_CHG)","A099430","바이오플러스","89.4891944990177","OK","415"
"2025-01-23","ALL","OP(FY1_1M_CHG)","A100090","SK오션플랜트","69.6880733944954","OK","416"
"2025-01-23","ALL","OP(FY1_1M_CHG)","A100790","미래에셋벤처투자","","BLANK","417"
"2025-01-23","ALL","OP(FY1_1M_CHG)","A100840","SNT에너지","77.0364306180925","OK","418"
"2025-01-23","ALL","OP(FY1_1M_CHG)","A101160","월덱스","","BLANK","419"
"2025-01-23","ALL","OP(FY1_1M_CHG)","A101360","에코앤드림","","BLANK","420"
"2025-01-23","ALL","OP(FY1_1M_CHG)","A101490","에스앤에스텍","","BLANK","421"
"2025-01-23","ALL","OP(FY1_1M_CHG)","A101730","위메이드맥스","","BLANK","422"
"2025-01-23","ALL","OP(FY1_1M_CHG)","A101930","인화정공","","BLANK","423"
"2025-01-23","ALL","OP(FY1_1M_CHG)","A101970","우양에이치씨","","BLANK","424"
"2025-01-23","ALL","OP(FY1_1M_CHG)","A102710","이엔에프테크놀로지","","BLANK","425"
"2025-01-23","ALL","OP(FY1_1M_CHG)","A102940","코오롱생명과학","","BLANK","426"
"2025-01-23","ALL","OP(FY1_1M_CHG)","A103140","풍산","-8.70192060141085","OK","427"
"2025-01-23","ALL","OP(FY1_1M_CHG)","A103590","일진전기","48.283666540928","OK","428"
"2025-01-23","ALL","OP(FY1_1M_CHG)","A104700","한국철강","150","OK","429"
"2025-01-23","ALL","OP(FY1_1M_CHG)","A105560","KB금융","-4.41553712780846","OK","430"
"2025-01-23","ALL","OP(FY1_1M_CHG)","A105630","한세실업","7.65828383672438","OK","431"
"2025-01-23","ALL","OP(FY1_1M_CHG)","A107640","한중엔시에스","","BLANK","432"
"2025-01-23","ALL","OP(FY1_1M_CHG)","A108320","LX세미콘","16.0256062496609","OK","433"
"2025-01-23","ALL","OP(FY1_1M_CHG)","A108490","로보티즈","119.565217391304","OK","434"
"2025-01-23","ALL","OP(FY1_1M_CHG)","A108670","LX하우시스","-3.67775831873906","OK","435"
"2025-01-23","ALL","OP(FY1_1M_CHG)","A108860","셀바스AI","152.459016393443","OK","436"
"2025-01-23","ALL","OP(FY1_1M_CHG)","A110990","디아이티","","BLANK","437"
"2025-01-23","ALL","OP(FY1_1M_CHG)","A111770","영원무역","21.3199833533257","OK","438"
"2025-01-23","ALL","OP(FY1_1M_CHG)","A112040","위메이드","328.985507246377","OK","439"
"2025-01-23","ALL","OP(FY1_1M_CHG)","A112610","씨에스윈드","4.08084898415136","OK","440"
"2025-01-23","ALL","OP(FY1_1M_CHG)","A114090","GKL","47.7868500214869","OK","441"
"2025-01-23","ALL","OP(FY1_1M_CHG)","A114840","아이패밀리에스씨","21.7038007863696","OK","442"
"2025-01-23","ALL","OP(FY1_1M_CHG)","A115450","HLB테라퓨틱스","","BLANK","443"
"2025-01-23","ALL","OP(FY1_1M_CHG)","A118990","모트렉스","","BLANK","444"
"2025-01-23","ALL","OP(FY1_1M_CHG)","A119610","인터로조","","BLANK","445"
"2025-01-23","ALL","OP(FY1_1M_CHG)","A120110","코오롱인더","30.9666195498532","OK","446"
"2025-01-23","ALL","OP(FY1_1M_CHG)","A121600","나노신소재","87.2909698996656","OK","447"
"2025-01-23","ALL","OP(FY1_1M_CHG)","A121800","비덴트","","BLANK","448"
"2025-01-23","ALL","OP(FY1_1M_CHG)","A122640","예스티","","BLANK","449"
"2025-01-23","ALL","OP(FY1_1M_CHG)","A122870","와이지엔터테인먼트","351.798225128445","OK","450"
"2025-01-23","ALL","OP(FY1_1M_CHG)","A122900","아이마켓코리아","","BLANK","451"
"2025-01-23","ALL","OP(FY1_1M_CHG)","A123860","아나패스","256.1872909699","OK","452"
"2025-01-23","ALL","OP(FY1_1M_CHG)","A123890","한국자산신탁","34.2105263157895","OK","453"
"2025-01-23","ALL","OP(FY1_1M_CHG)","A126560","현대퓨처넷","","BLANK","454"
"2025-01-23","ALL","OP(FY1_1M_CHG)","A126700","하이비젼시스템","11.8693638800877","OK","455"
"2025-01-23","ALL","OP(FY1_1M_CHG)","A126720","수산인더스트리","15.2445479568071","OK","456"
"2025-01-23","ALL","OP(FY1_1M_CHG)","A128940","한미약품","-5.19766892424004","OK","457"
"2025-01-23","ALL","OP(FY1_1M_CHG)","A130660","한전산업","","BLANK","458"
"2025-01-23","ALL","OP(FY1_1M_CHG)","A131290","티에스이","54.7337278106509","OK","459"
"2025-01-23","ALL","OP(FY1_1M_CHG)","A131970","두산테스나","-7.41125541125541","OK","460"
"2025-01-23","ALL","OP(FY1_1M_CHG)","A136480","하림","","BLANK","461"
"2025-01-23","ALL","OP(FY1_1M_CHG)","A137310","에스디바이오센서","","BLANK","462"
"2025-01-23","ALL","OP(FY1_1M_CHG)","A137400","피엔티","18.7372708757637","OK","463"
"2025-01-23","ALL","OP(FY1_1M_CHG)","A138040","메리츠금융지주","-.43844908185401","OK","464"
"2025-01-23","ALL","OP(FY1_1M_CHG)","A138930","BNK금융지주","11.1045852653271","OK","465"
"2025-01-23","ALL","OP(FY1_1M_CHG)","A139130","iM금융지주","51.5327038535798","OK","466"
"2025-01-23","ALL","OP(FY1_1M_CHG)","A139480","이마트","71.4261119081779","OK","467"
"2025-01-23","ALL","OP(FY1_1M_CHG)","A140410","메지온","","BLANK","468"
"2025-01-23","ALL","OP(FY1_1M_CHG)","A140860","파크시스템스","46.4521033958439","OK","469"
"2025-01-23","ALL","OP(FY1_1M_CHG)","A141080","리가켐바이오","479.987492182614","OK","470"
"2025-01-23","ALL","OP(FY1_1M_CHG)","A144510","지씨셀","","BLANK","471"
"2025-01-23","ALL","OP(FY1_1M_CHG)","A145020","휴젤","26.9259928850528","OK","472"
"2025-01-23","ALL","OP(FY1_1M_CHG)","A145720","덴티움","17.0781527531084","OK","473"
"2025-01-23","ALL","OP(FY1_1M_CHG)","A145990","삼양사","","BLANK","474"
"2025-01-23","ALL","OP(FY1_1M_CHG)","A148150","세경하이테크","8.29028925619835","OK","475"
"2025-01-23","ALL","OP(FY1_1M_CHG)","A151860","KG에코솔루션","","BLANK","476"
"2025-01-23","ALL","OP(FY1_1M_CHG)","A160190","하이젠알앤엠","","BLANK","477"
"2025-01-23","ALL","OP(FY1_1M_CHG)","A161000","애경케미칼","","BLANK","478"
"2025-01-23","ALL","OP(FY1_1M_CHG)","A161390","한국타이어앤테크놀로지","-1.84915913080252","OK","479"
"2025-01-23","ALL","OP(FY1_1M_CHG)","A161580","필옵틱스","","BLANK","480"
"2025-01-23","ALL","OP(FY1_1M_CHG)","A161890","한국콜마","20.2661256075119","OK","481"
"2025-01-23","ALL","OP(FY1_1M_CHG)","A166090","하나머티리얼즈","13.5011441647597","OK","482"
"2025-01-23","ALL","OP(FY1_1M_CHG)","A170900","동아에스티","14.6746918887933","OK","483"
"2025-01-23","ALL","OP(FY1_1M_CHG)","A171090","선익시스템","281.034482758621","OK","484"
"2025-01-23","ALL","OP(FY1_1M_CHG)","A175330","JB금융지주","5.43887625962745","OK","485"
"2025-01-23","ALL","OP(FY1_1M_CHG)","A178320","서진시스템","42.5618238021638","OK","486"
"2025-01-23","ALL","OP(FY1_1M_CHG)","A178920","PI첨단소재","36.3052208835341","OK","487"
"2025-01-23","ALL","OP(FY1_1M_CHG)","A179290","엠아이텍","28.3819628647215","OK","488"
"2025-01-23","ALL","OP(FY1_1M_CHG)","A179900","유티아이","","BLANK","489"
"2025-01-23","ALL","OP(FY1_1M_CHG)","A180640","한진칼","","BLANK","490"
"2025-01-23","ALL","OP(FY1_1M_CHG)","A181710","NHN","6113.13131313131","OK","491"
"2025-01-23","ALL","OP(FY1_1M_CHG)","A183190","아세아시멘트","-7.22516350046716","OK","492"
"2025-01-23","ALL","OP(FY1_1M_CHG)","A183300","코미코","22.4056603773585","OK","493"
"2025-01-23","ALL","OP(FY1_1M_CHG)","A185750","종근당","6.23534520191054","OK","494"
"2025-01-23","ALL","OP(FY1_1M_CHG)","A189300","인텔리안테크","576.26582278481","OK","495"
"2025-01-23","ALL","OP(FY1_1M_CHG)","A192080","더블유게임즈","6.50521756251232","OK","496"
"2025-01-23","ALL","OP(FY1_1M_CHG)","A192400","쿠쿠홀딩스","6.25","OK","497"
"2025-01-23","ALL","OP(FY1_1M_CHG)","A192650","드림텍","84.7953216374269","OK","498"
"2025-01-23","ALL","OP(FY1_1M_CHG)","A192820","코스맥스","22.976836454869","OK","499"
"2025-01-23","ALL","OP(FY1_1M_CHG)","A194480","데브시스터즈","41.3740458015267","OK","500"
"2025-01-23","ALL","OP(FY1_1M_CHG)","A195870","해성디에스","15.8065013095055","OK","501"
"2025-01-23","ALL","OP(FY1_1M_CHG)","A195940","HK이노엔","7.36176596656666","OK","502"
"2025-01-23","ALL","OP(FY1_1M_CHG)","A196170","알테오젠","381.347517730496","OK","503"
"2025-01-23","ALL","OP(FY1_1M_CHG)","A199800","툴젠","","BLANK","504"
"2025-01-23","ALL","OP(FY1_1M_CHG)","A199820","제일일렉트릭","29.8611111111111","OK","505"
"2025-01-23","ALL","OP(FY1_1M_CHG)","A200130","콜마비앤에이치","22.2222222222222","OK","506"
"2025-01-23","ALL","OP(FY1_1M_CHG)","A200670","휴메딕스","18.695652173913","OK","507"
"2025-01-23","ALL","OP(FY1_1M_CHG)","A200710","에이디테크놀로지","","BLANK","508"
"2025-01-23","ALL","OP(FY1_1M_CHG)","A200880","서연이화","-2.42718446601942","OK","509"
"2025-01-23","ALL","OP(FY1_1M_CHG)","A204270","제이앤티씨","25475","OK","510"
"2025-01-23","ALL","OP(FY1_1M_CHG)","A204320","HL만도","21.1591064508776","OK","511"
"2025-01-23","ALL","OP(FY1_1M_CHG)","A204620","글로벌텍스프리","","BLANK","512"
"2025-01-23","ALL","OP(FY1_1M_CHG)","A206640","바디텍메드","19.6883852691218","OK","513"
"2025-01-23","ALL","OP(FY1_1M_CHG)","A206650","유바이오로직스","71.2707182320442","OK","514"
"2025-01-23","ALL","OP(FY1_1M_CHG)","A207940","삼성바이오로직스","21.2864138863635","OK","515"
"2025-01-23","ALL","OP(FY1_1M_CHG)","A211050","인카금융서비스","","BLANK","516"
"2025-01-23","ALL","OP(FY1_1M_CHG)","A213420","덕산네오룩스","31.4329401485365","OK","517"
"2025-01-23","ALL","OP(FY1_1M_CHG)","A214150","클래시스","32.4822101297614","OK","518"
"2025-01-23","ALL","OP(FY1_1M_CHG)","A214320","이노션","5.21804890345349","OK","519"
"2025-01-23","ALL","OP(FY1_1M_CHG)","A214370","케어젠","","BLANK","520"
"2025-01-23","ALL","OP(FY1_1M_CHG)","A214430","아이쓰리시스템","18.9285714285714","OK","521"
"2025-01-23","ALL","OP(FY1_1M_CHG)","A214450","파마리서치","25.7909648984732","OK","522"
"2025-01-23","ALL","OP(FY1_1M_CHG)","A215000","골프존","11.756168359942","OK","523"
"2025-01-23","ALL","OP(FY1_1M_CHG)","A215200","메가스터디교육","7.13439635535307","OK","524"
"2025-01-23","ALL","OP(FY1_1M_CHG)","A215600","신라젠","","BLANK","525"
"2025-01-23","ALL","OP(FY1_1M_CHG)","A217270","넵튠","","BLANK","526"
"2025-01-23","ALL","OP(FY1_1M_CHG)","A218410","RFHIC","149.264705882353","OK","527"
"2025-01-23","ALL","OP(FY1_1M_CHG)","A220100","퓨쳐켐","","BLANK","528"
"2025-01-23","ALL","OP(FY1_1M_CHG)","A222080","SFA넥셀","","BLANK","529"
"2025-01-23","ALL","OP(FY1_1M_CHG)","A222800","심텍","141.823529411765","OK","530"
"2025-01-23","ALL","OP(FY1_1M_CHG)","A225570","넥슨게임즈","-23.426724137931","OK","531"
"2025-01-23","ALL","OP(FY1_1M_CHG)","A226320","잇츠한불","","BLANK","532"
"2025-01-23","ALL","OP(FY1_1M_CHG)","A226950","올릭스","","BLANK","533"
"2025-01-23","ALL","OP(FY1_1M_CHG)","A228760","지노믹트리","","BLANK","534"
"2025-01-23","ALL","OP(FY1_1M_CHG)","A229640","LS에코에너지","14.2592211003503","OK","535"
"2025-01-23","ALL","OP(FY1_1M_CHG)","A230240","에치에프알","245.238095238095","OK","536"
"2025-01-23","ALL","OP(FY1_1M_CHG)","A230360","에코마케팅","15.2985074626866","OK","537"
"2025-01-23","ALL","OP(FY1_1M_CHG)","A232140","와이씨","220.833333333333","OK","538"
"2025-01-23","ALL","OP(FY1_1M_CHG)","A237690","에스티팜","65.1712328767123","OK","539"
"2025-01-23","ALL","OP(FY1_1M_CHG)","A237880","클리오","23.3993015133877","OK","540"
"2025-01-23","ALL","OP(FY1_1M_CHG)","A240810","원익IPS","348.630519843488","OK","541"
"2025-01-23","ALL","OP(FY1_1M_CHG)","A241560","두산밥캣","5.40445670987812","OK","542"
"2025-01-23","ALL","OP(FY1_1M_CHG)","A241590","화승엔터프라이즈","51.5783540022548","OK","543"
"2025-01-23","ALL","OP(FY1_1M_CHG)","A241710","코스메카코리아","22.4659606656581","OK","544"
"2025-01-23","ALL","OP(FY1_1M_CHG)","A243070","휴온스","","BLANK","545"
"2025-01-23","ALL","OP(FY1_1M_CHG)","A247540","에코프로비엠","351.76322418136","OK","546"
"2025-01-23","ALL","OP(FY1_1M_CHG)","A248070","솔루엠","62.2453928225024","OK","547"
"2025-01-23","ALL","OP(FY1_1M_CHG)","A249420","일동제약","","BLANK","548"
"2025-01-23","ALL","OP(FY1_1M_CHG)","A251270","넷마블","-5.11818020259464","OK","549"
"2025-01-23","ALL","OP(FY1_1M_CHG)","A251970","펌텍코리아","18.0824222035324","OK","550"
"2025-01-23","ALL","OP(FY1_1M_CHG)","A252990","샘씨엔에스","","BLANK","551"
"2025-01-23","ALL","OP(FY1_1M_CHG)","A253450","스튜디오드래곤","51.9573901464714","OK","552"
"2025-01-23","ALL","OP(FY1_1M_CHG)","A253590","네오셈","","BLANK","553"
"2025-01-23","ALL","OP(FY1_1M_CHG)","A255220","SG","","BLANK","554"
"2025-01-23","ALL","OP(FY1_1M_CHG)","A256840","한국비엔씨","","BLANK","555"
"2025-01-23","ALL","OP(FY1_1M_CHG)","A257720","실리콘투","49.8329074110478","OK","556"
"2025-01-23","ALL","OP(FY1_1M_CHG)","A259960","크래프톤","14.357308890684","OK","557"
"2025-01-23","ALL","OP(FY1_1M_CHG)","A263750","펄어비스","604.609218436874","OK","558"
"2025-01-23","ALL","OP(FY1_1M_CHG)","A265520","AP시스템","35.3886925795053","OK","559"
"2025-01-23","ALL","OP(FY1_1M_CHG)","A267250","HD현대","48.543806403634","OK","560"
"2025-01-23","ALL","OP(FY1_1M_CHG)","A267260","HD현대일렉트릭","27.1505791505792","OK","561"
"2025-01-23","ALL","OP(FY1_1M_CHG)","A267270","HD건설기계","11.745587279364","OK","562"
"2025-01-23","ALL","OP(FY1_1M_CHG)","A267980","매일유업","","BLANK","563"
"2025-01-23","ALL","OP(FY1_1M_CHG)","A268280","미원에스씨","","BLANK","564"
"2025-01-23","ALL","OP(FY1_1M_CHG)","A271560","오리온","7.97461368653422","OK","565"
"2025-01-23","ALL","OP(FY1_1M_CHG)","A271940","일진하이솔루스","55.1020408163265","OK","566"
"2025-01-23","ALL","OP(FY1_1M_CHG)","A272210","한화시스템","14.9304774332898","OK","567"
"2025-01-23","ALL","OP(FY1_1M_CHG)","A272290","이녹스첨단소재","-11.1875405580792","OK","568"
"2025-01-23","ALL","OP(FY1_1M_CHG)","A272450","진에어","-6.97929284189883","OK","569"
"2025-01-23","ALL","OP(FY1_1M_CHG)","A277810","레인보우로보틱스","290.661478599222","OK","570"
"2025-01-23","ALL","OP(FY1_1M_CHG)","A278280","천보","138.148148148148","OK","571"
"2025-01-23","ALL","OP(FY1_1M_CHG)","A278470","에이피알","27.0115867396202","OK","572"
"2025-01-23","ALL","OP(FY1_1M_CHG)","A280360","롯데웰푸드","5.93958262392373","OK","573"
"2025-01-23","ALL","OP(FY1_1M_CHG)","A281740","레이크머티리얼즈","","BLANK","574"
"2025-01-23","ALL","OP(FY1_1M_CHG)","A281820","케이씨텍",".230414746543782","OK","575"
"2025-01-23","ALL","OP(FY1_1M_CHG)","A282330","BGF리테일","7.80108413858119","OK","576"
"2025-01-23","ALL","OP(FY1_1M_CHG)","A284740","쿠쿠홈시스","","BLANK","577"
"2025-01-23","ALL","OP(FY1_1M_CHG)","A285130","SK케미칼","189.958158995816","OK","578"
"2025-01-23","ALL","OP(FY1_1M_CHG)","A286940","롯데이노베이트","59.3529411764706","OK","579"
"2025-01-23","ALL","OP(FY1_1M_CHG)","A290650","엘앤씨바이오","","BLANK","580"
"2025-01-23","ALL","OP(FY1_1M_CHG)","A290690","아리바이오홀딩스","","BLANK","581"
"2025-01-23","ALL","OP(FY1_1M_CHG)","A293490","카카오게임즈","348.145859085291","OK","582"
"2025-01-23","ALL","OP(FY1_1M_CHG)","A294870","IPARK현대산업개발","76.424287856072","OK","583"
"2025-01-23","ALL","OP(FY1_1M_CHG)","A295310","에이치브이엠","113.656387665198","OK","584"
"2025-01-23","ALL","OP(FY1_1M_CHG)","A298020","효성티앤씨","12.5550284953759","OK","585"
"2025-01-23","ALL","OP(FY1_1M_CHG)","A298040","효성중공업","37.6512414702678","OK","586"
"2025-01-23","ALL","OP(FY1_1M_CHG)","A298050","HS효성첨단소재",".782320441988955","OK","587"
"2025-01-23","ALL","OP(FY1_1M_CHG)","A298380","에이비엘바이오","102.516175413372","OK","588"
"2025-01-23","ALL","OP(FY1_1M_CHG)","A298690","에어부산","-12.4223602484472","OK","589"
"2025-01-23","ALL","OP(FY1_1M_CHG)","A298830","슈어소프트테크","","BLANK","590"
"2025-01-23","ALL","OP(FY1_1M_CHG)","A300720","한일시멘트","-26.3979193758127","OK","591"
"2025-01-23","ALL","OP(FY1_1M_CHG)","A302440","SK바이오사이언스","30.5037313432836","OK","592"
"2025-01-23","ALL","OP(FY1_1M_CHG)","A304100","솔트룩스","","BLANK","593"
"2025-01-23","ALL","OP(FY1_1M_CHG)","A304360","에스바이오메딕스","","BLANK","594"
"2025-01-23","ALL","OP(FY1_1M_CHG)","A306200","세아제강","40.7066795740561","OK","595"
"2025-01-23","ALL","OP(FY1_1M_CHG)","A307950","현대오토에버","14.8380500952647","OK","596"
"2025-01-23","ALL","OP(FY1_1M_CHG)","A310210","보로노이","31.25","OK","597"
"2025-01-23","ALL","OP(FY1_1M_CHG)","A314930","바이오다인","230.434782608696","OK","598"
"2025-01-23","ALL","OP(FY1_1M_CHG)","A316140","우리금융지주","3.32053714856999","OK","599"
"2025-01-23","ALL","OP(FY1_1M_CHG)","A317330","덕산테코피아","","BLANK","600"
"2025-01-23","ALL","OP(FY1_1M_CHG)","A319400","현대무벡스","","BLANK","601"
"2025-01-23","ALL","OP(FY1_1M_CHG)","A319660","피에스케이","6.51571164510166","OK","602"
"2025-01-23","ALL","OP(FY1_1M_CHG)","A322000","HD현대에너지솔루션","2693.75","OK","603"
"2025-01-23","ALL","OP(FY1_1M_CHG)","A323280","태성","","BLANK","604"
"2025-01-23","ALL","OP(FY1_1M_CHG)","A323410","카카오뱅크","9.53477735306609","OK","605"
"2025-01-23","ALL","OP(FY1_1M_CHG)","A326030","SK바이오팜","109.936321038087","OK","606"
"2025-01-23","ALL","OP(FY1_1M_CHG)","A328130","루닛","19.7899838449111","OK","607"
"2025-01-23","ALL","OP(FY1_1M_CHG)","A329180","HD현대중공업","82.812944151045","OK","608"
"2025-01-23","ALL","OP(FY1_1M_CHG)","A334970","프레스티지바이오로직스","","BLANK","609"
"2025-01-23","ALL","OP(FY1_1M_CHG)","A336260","두산퓨얼셀","113.414634146341","OK","610"
"2025-01-23","ALL","OP(FY1_1M_CHG)","A336370","솔루스첨단소재","95.1771653543307","OK","611"
"2025-01-23","ALL","OP(FY1_1M_CHG)","A336570","원텍","34.2903225806452","OK","612"
"2025-01-23","ALL","OP(FY1_1M_CHG)","A338220","뷰노","172.268907563025","OK","613"
"2025-01-23","ALL","OP(FY1_1M_CHG)","A339770","교촌에프앤비","145.770925110132","OK","614"
"2025-01-23","ALL","OP(FY1_1M_CHG)","A340570","티앤엘","26.9636363636364","OK","615"
"2025-01-23","ALL","OP(FY1_1M_CHG)","A344820","KCC글라스","","BLANK","616"
"2025-01-23","ALL","OP(FY1_1M_CHG)","A347850","디앤디파마텍","","BLANK","617"
"2025-01-23","ALL","OP(FY1_1M_CHG)","A348210","넥스틴","46.7539003522899","OK","618"
"2025-01-23","ALL","OP(FY1_1M_CHG)","A348340","뉴로메카","53.125","OK","619"
"2025-01-23","ALL","OP(FY1_1M_CHG)","A348370","엔켐","","BLANK","620"
"2025-01-23","ALL","OP(FY1_1M_CHG)","A352480","씨앤씨인터내셔널","14.0674394099052","OK","621"
"2025-01-23","ALL","OP(FY1_1M_CHG)","A352820","하이브","62.8855151341545","OK","622"
"2025-01-23","ALL","OP(FY1_1M_CHG)","A353200","대덕전자","135.238455715367","OK","623"
"2025-01-23","ALL","OP(FY1_1M_CHG)","A357780","솔브레인","9.68370387348154","OK","624"
"2025-01-23","ALL","OP(FY1_1M_CHG)","A358570","지아이이노베이션","","BLANK","625"
"2025-01-23","ALL","OP(FY1_1M_CHG)","A361610","SK아이이테크놀로지","63.7442954934398","OK","626"
"2025-01-23","ALL","OP(FY1_1M_CHG)","A365330","에스와이스틸텍","","BLANK","627"
"2025-01-23","ALL","OP(FY1_1M_CHG)","A365340","성일하이텍","90.3460837887067","OK","628"
"2025-01-23","ALL","OP(FY1_1M_CHG)","A372170","윤성에프앤씨","-26.0869565217391","OK","629"
"2025-01-23","ALL","OP(FY1_1M_CHG)","A372320","큐로셀","","BLANK","630"
"2025-01-23","ALL","OP(FY1_1M_CHG)","A373220","LG에너지솔루션","230.984183279467","OK","631"
"2025-01-23","ALL","OP(FY1_1M_CHG)","A375500","DL이앤씨","39.6270566727605","OK","632"
"2025-01-23","ALL","OP(FY1_1M_CHG)","A376300","디어유","54.1711040113596","OK","633"
"2025-01-23","ALL","OP(FY1_1M_CHG)","A377300","카카오페이","79.0581717451524","OK","634"
"2025-01-23","ALL","OP(FY1_1M_CHG)","A377740","바이오노트","","BLANK","635"
"2025-01-23","ALL","OP(FY1_1M_CHG)","A378340","필에너지","","BLANK","636"
"2025-01-23","ALL","OP(FY1_1M_CHG)","A381970","케이카","13.5345948288314","OK","637"
"2025-01-23","ALL","OP(FY1_1M_CHG)","A383220","F&F","3.9230752343527","OK","638"
"2025-01-23","ALL","OP(FY1_1M_CHG)","A383310","에코프로에이치엔","","BLANK","639"
"2025-01-23","ALL","OP(FY1_1M_CHG)","A383800","LX홀딩스","9.63583815028901","OK","640"
"2025-01-23","ALL","OP(FY1_1M_CHG)","A388720","유일로보틱스","","BLANK","641"
"2025-01-23","ALL","OP(FY1_1M_CHG)","A389020","자람테크놀로지","","BLANK","642"
"2025-01-23","ALL","OP(FY1_1M_CHG)","A389650","넥스트바이오메디컬","164.285714285714","OK","643"
"2025-01-23","ALL","OP(FY1_1M_CHG)","A393890","더블유씨피","115.513307984791","OK","644"
"2025-01-23","ALL","OP(FY1_1M_CHG)","A394280","오픈엣지테크놀로지","100.595238095238","OK","645"
"2025-01-23","ALL","OP(FY1_1M_CHG)","A397030","에이프릴바이오","-85.7142857142857","OK","646"
"2025-01-23","ALL","OP(FY1_1M_CHG)","A399720","가온칩스","","BLANK","647"
"2025-01-23","ALL","OP(FY1_1M_CHG)","A402340","SK스퀘어","46.8466719252473","OK","648"
"2025-01-23","ALL","OP(FY1_1M_CHG)","A403550","쏘카","267.871170463472","OK","649"
"2025-01-23","ALL","OP(FY1_1M_CHG)","A403870","HPSP","36.1924919238053","OK","650"
"2025-01-23","ALL","OP(FY1_1M_CHG)","A416180","신성에스티","","BLANK","651"
"2025-01-23","ALL","OP(FY1_1M_CHG)","A417200","LS머트리얼즈","27.5862068965517","OK","652"
"2025-01-23","ALL","OP(FY1_1M_CHG)","A418550","제이오","4400","OK","653"
"2025-01-23","ALL","OP(FY1_1M_CHG)","A420770","기가비스","","BLANK","654"
"2025-01-23","ALL","OP(FY1_1M_CHG)","A437730","삼현","","BLANK","655"
"2025-01-23","ALL","OP(FY1_1M_CHG)","A439090","마녀공장","","BLANK","656"
"2025-01-23","ALL","OP(FY1_1M_CHG)","A440110","파두","","BLANK","657"
"2025-01-23","ALL","OP(FY1_1M_CHG)","A443060","HD현대마린솔루션","25.2307692307692","OK","658"
"2025-01-23","ALL","OP(FY1_1M_CHG)","A445090","에이직랜드","386.274509803922","OK","659"
"2025-01-23","ALL","OP(FY1_1M_CHG)","A445680","큐리옥스바이오시스템즈","","BLANK","660"
"2025-01-23","ALL","OP(FY1_1M_CHG)","A450080","에코프로머티","69.4225721784777","OK","661"
"2025-01-23","ALL","OP(FY1_1M_CHG)","A453340","현대그린푸드","7.33863837312114","OK","662"
"2025-01-23","ALL","OP(FY1_1M_CHG)","A454910","두산로보틱스","89.5833333333333","OK","663"
"2025-01-23","ALL","OP(FY1_1M_CHG)","A455900","엔젤로보틱스","","BLANK","664"
"2025-01-23","ALL","OP(FY1_1M_CHG)","A456040","OCI","","BLANK","665"
"2025-01-23","ALL","OP(FY1_1M_CHG)","A457190","이수스페셜티케미컬","32.2344322344322","OK","666"
"2025-01-23","ALL","OP(FY1_1M_CHG)","A458650","성우","","BLANK","667"
"2025-01-23","ALL","OP(FY1_1M_CHG)","A460860","동국제강","-2.12419457622326E-02","OK","668"
"2025-01-23","ALL","OP(FY1_1M_CHG)","A460930","현대힘스","","BLANK","669"
"2025-01-23","ALL","OP(FY1_1M_CHG)","A462870","시프트업","56.175650873496","OK","670"
"2025-01-23","ALL","OP(FY1_1M_CHG)","A464080","에스오에스랩","","BLANK","671"
"2025-01-23","ALL","OP(FY1_1M_CHG)","A466100","클로봇","","BLANK","672"
"2025-01-23","ALL","OP(FY1_1M_CHG)","A475150","SK이터닉스","73.2514880952381","OK","673"
"2025-01-23","ALL","OP(FY1_1M_CHG)","A475400","씨메스로보틱스","","BLANK","674"
"2025-01-23","ALL","OP(FY1_1M_CHG)","A475560","더본코리아","","BLANK","675"
"2025-01-23","ALL","OP(FY1_1M_CHG)","A475960","토모큐브","","BLANK","676"
"2025-01-23","ALL","OP(FY1_1M_CHG)","A484870","엠앤씨솔루션","","BLANK","677"
"2025-01-23","ALL","OP(FY1_1M_CHG)","A489790","한화비전","","BLANK","678"
"2025-01-23","ALL","OP(FY1_1M_CHG)","A499790","GS피앤엘","","BLANK","679"
"2025-01-23","ALL","OP(FY1_1M_CHG)","A900140","엘브이엠씨홀딩스","","BLANK","680"
"2025-01-23","ALL","OP(FY1_1M_CHG)","A900290","GRT","","BLANK","681"
"2025-01-23","ALL","OP(FY1_1M_CHG)","A950160","코오롱티슈진","","BLANK","682"
"2025-01-23","ALL","OP(FY1_1M_CHG)","A950170","JTC","","BLANK","683"
"2025-01-23","ALL","OP(FY1_1M_CHG)","A950210","프레스티지바이오파마","","BLANK","684"
