Date,Universe,Factor,StockCode,StockName,FactorValue,ValueStatus,SourceRow
"2019-03-11","ALL","외국인수급","A000020","동화약품","-.272362385321101","OK","14"
"2019-03-11","ALL","외국인수급","A000050","경방","-.087005990027775","OK","15"
"2019-03-11","ALL","외국인수급","A000070","삼양홀딩스","8.30015615548021E-02","OK","16"
"2019-03-11","ALL","외국인수급","A000080","하이트진로",".309896069429907","OK","17"
"2019-03-11","ALL","외국인수급","A000100","유한양행",".886894490027649","OK","18"
"2019-03-11","ALL","외국인수급","A000120","CJ대한통운","1.53683693516699","OK","19"
"2019-03-11","ALL","외국인수급","A000150","두산",".423045243421598","OK","20"
"2019-03-11","ALL","외국인수급","A000210","DL","8.43106365598926E-02","OK","21"
"2019-03-11","ALL","외국인수급","A000240","한국앤컴퍼니","-9.61690376913936E-03","OK","22"
"2019-03-11","ALL","외국인수급","A000250","삼천당제약","2.93244420301393","OK","23"
"2019-03-11","ALL","외국인수급","A000270","기아",".206021426228328","OK","24"
"2019-03-11","ALL","외국인수급","A000370","한화손해보험",".359174851403325","OK","25"
"2019-03-11","ALL","외국인수급","A000400","롯데손해보험",".920582577631218","OK","26"
"2019-03-11","ALL","외국인수급","A000430","대원강업",".038907753254103","OK","27"
"2019-03-11","ALL","외국인수급","A000480","CR홀딩스","-9.04704463208685E-03","OK","28"
"2019-03-11","ALL","외국인수급","A000540","흥국화재","-9.48166877370417E-03","OK","29"
"2019-03-11","ALL","외국인수급","A000640","동아쏘시오홀딩스",".245143672810774","OK","30"
"2019-03-11","ALL","외국인수급","A000660","SK하이닉스","-.349708165616152","OK","31"
"2019-03-11","ALL","외국인수급","A000670","영풍","3.80086344143085E-02","OK","32"
"2019-03-11","ALL","외국인수급","A000720","현대건설",".432033024778406","OK","33"
"2019-03-11","ALL","외국인수급","A000810","삼성화재",".353701743075312","OK","34"
"2019-03-11","ALL","외국인수급","A000880","한화","-.214411149379768","OK","35"
"2019-03-11","ALL","외국인수급","A000990","DB하이텍",".522830885013387","OK","36"
"2019-03-11","ALL","외국인수급","A001040","CJ",".23427133631013","OK","37"
"2019-03-11","ALL","외국인수급","A001060","JW중외제약",".437887282384184","OK","38"
"2019-03-11","ALL","외국인수급","A001120","LX인터내셔널","-.471589778138445","OK","39"
"2019-03-11","ALL","외국인수급","A001130","대한제분",".8156085079162","OK","40"
"2019-03-11","ALL","외국인수급","A001200","유진투자증권","-2.62299996252857E-02","OK","41"
"2019-03-11","ALL","외국인수급","A001230","동국홀딩스","-5.11777274530124E-02","OK","42"
"2019-03-11","ALL","외국인수급","A001430","세아베스틸지주",".373854876334368","OK","43"
"2019-03-11","ALL","외국인수급","A001440","대한전선","-3.56902494238574E-02","OK","44"
"2019-03-11","ALL","외국인수급","A001450","현대해상",".64734161549812","OK","45"
"2019-03-11","ALL","외국인수급","A001500","현대차증권","-.21815454886321","OK","46"
"2019-03-11","ALL","외국인수급","A001510","SK증권","-.567709378673624","OK","47"
"2019-03-11","ALL","외국인수급","A001520","동양","-9.31021641080813E-02","OK","48"
"2019-03-11","ALL","외국인수급","A001630","종근당홀딩스","-6.23771948975455E-02","OK","49"
"2019-03-11","ALL","외국인수급","A001680","대상",".446540401015063","OK","50"
"2019-03-11","ALL","외국인수급","A001720","신영증권",".058693796243597","OK","51"
"2019-03-11","ALL","외국인수급","A001740","SK네트웍스","1.11426827747774","OK","52"
"2019-03-11","ALL","외국인수급","A001800","오리온홀딩스","-7.13328809784783E-02","OK","53"
"2019-03-11","ALL","외국인수급","A001820","삼화콘덴서","1.64677008847412","OK","54"
"2019-03-11","ALL","외국인수급","A002020","코오롱",".45424590472604","OK","55"
"2019-03-11","ALL","외국인수급","A002030","아세아","-5.66091140673649E-02","OK","56"
"2019-03-11","ALL","외국인수급","A002100","경농","1.62308385933273","OK","57"
"2019-03-11","ALL","외국인수급","A002150","도화엔지니어링","1.38904031923941","OK","58"
"2019-03-11","ALL","외국인수급","A002210","동성제약",".528129615539543","OK","59"
"2019-03-11","ALL","외국인수급","A002240","고려제강","-5.70342205323194E-03","OK","60"
"2019-03-11","ALL","외국인수급","A002310","아세아제지","9.26148252323946E-02","OK","61"
"2019-03-11","ALL","외국인수급","A002320","한진","-.433661509610877","OK","62"
"2019-03-11","ALL","외국인수급","A002350","넥센타이어","-.255709096981589","OK","63"
"2019-03-11","ALL","외국인수급","A002380","KCC",".513901387770568","OK","64"
"2019-03-11","ALL","외국인수급","A002390","한독","-1.32503985573531","OK","65"
"2019-03-11","ALL","외국인수급","A002620","제일파마홀딩스","0","OK","66"
"2019-03-11","ALL","외국인수급","A002780","진흥기업","-.174319168530457","OK","67"
"2019-03-11","ALL","외국인수급","A002790","아모레퍼시픽홀딩스",".167201864462107","OK","68"
"2019-03-11","ALL","외국인수급","A002840","미원상사","-2.60159217441074E-02","OK","69"
"2019-03-11","ALL","외국인수급","A002960","한국쉘석유","-9.81996726677578E-02","OK","70"
"2019-03-11","ALL","외국인수급","A002990","금호건설","-1.60974598714967","OK","71"
"2019-03-11","ALL","외국인수급","A003000","부광약품",".248775227760938","OK","72"
"2019-03-11","ALL","외국인수급","A003060","에이프로젠바이오로직스","-.24983706278514","OK","73"
"2019-03-11","ALL","외국인수급","A003090","대웅",".202798100372224","OK","74"
"2019-03-11","ALL","외국인수급","A003220","대원제약",".132438092891462","OK","75"
"2019-03-11","ALL","외국인수급","A003230","삼양식품","-.688324949888431","OK","76"
"2019-03-11","ALL","외국인수급","A003240","태광산업",".193304575910893","OK","77"
"2019-03-11","ALL","외국인수급","A003300","한일홀딩스","-.452291008146378","OK","78"
"2019-03-11","ALL","외국인수급","A003380","하림지주",".485091081787035","OK","79"
"2019-03-11","ALL","외국인수급","A003470","유안타증권","-.104377907670285","OK","80"
"2019-03-11","ALL","외국인수급","A003490","대한항공","1.93840298738949","OK","81"
"2019-03-11","ALL","외국인수급","A003520","영진약품","-6.13975407795828E-02","OK","82"
"2019-03-11","ALL","외국인수급","A003530","한화투자증권","-1.90912562046583E-02","OK","83"
"2019-03-11","ALL","외국인수급","A003540","대신증권","-.41937619912729","OK","84"
"2019-03-11","ALL","외국인수급","A003550","LG","-.315506874668064","OK","85"
"2019-03-11","ALL","외국인수급","A003620","KG모빌리티","6.94348007221219E-02","OK","86"
"2019-03-11","ALL","외국인수급","A003670","포스코퓨처엠","1.29440608294979","OK","87"
"2019-03-11","ALL","외국인수급","A003690","코리안리","-.676786783646854","OK","88"
"2019-03-11","ALL","외국인수급","A003800","에이스침대","-3.52236703064459E-03","OK","89"
"2019-03-11","ALL","외국인수급","A003850","보령",".398727655570987","OK","90"
"2019-03-11","ALL","외국인수급","A003920","남양유업","1.52865129280224E-02","OK","91"
"2019-03-11","ALL","외국인수급","A004000","롯데정밀화학","-.55297157622739","OK","92"
"2019-03-11","ALL","외국인수급","A004020","현대제철",".770453655976287","OK","93"
"2019-03-11","ALL","외국인수급","A004170","신세계","-.261706097590527","OK","94"
"2019-03-11","ALL","외국인수급","A004360","세방",".027568823598913","OK","95"
"2019-03-11","ALL","외국인수급","A004370","농심",".211127455221943","OK","96"
"2019-03-11","ALL","외국인수급","A004380","삼익THK","","BLANK","97"
"2019-03-11","ALL","외국인수급","A004430","송원산업","6.62650602409638E-02","OK","98"
"2019-03-11","ALL","외국인수급","A004490","세방전지",".574820957406709","OK","99"
"2019-03-11","ALL","외국인수급","A004690","삼천리","-4.94694402532835E-03","OK","100"
"2019-03-11","ALL","외국인수급","A004800","효성","-1.3782256896302","OK","101"
"2019-03-11","ALL","외국인수급","A004980","성신양회","-1.55716472389026","OK","102"
"2019-03-11","ALL","외국인수급","A004990","롯데지주","-.324863887193689","OK","103"
"2019-03-11","ALL","외국인수급","A005070","코스모신소재","-.940899735371949","OK","104"
"2019-03-11","ALL","외국인수급","A005180","빙그레","-.624122102031655","OK","105"
"2019-03-11","ALL","외국인수급","A005250","녹십자홀딩스","-6.01569092716836E-02","OK","106"
"2019-03-11","ALL","외국인수급","A005290","동진쎄미켐","-1.86491281208083","OK","107"
"2019-03-11","ALL","외국인수급","A005300","롯데칠성",".137935851099122","OK","108"
"2019-03-11","ALL","외국인수급","A005380","현대차","-.931699476079638","OK","109"
"2019-03-11","ALL","외국인수급","A005420","코스모화학",".389105058365759","OK","110"
"2019-03-11","ALL","외국인수급","A005440","현대지에프홀딩스",".5124896167082","OK","111"
"2019-03-11","ALL","외국인수급","A005490","POSCO홀딩스","-.257099997938045","OK","112"
"2019-03-11","ALL","외국인수급","A005500","삼진제약","-2.83316204179514","OK","113"
"2019-03-11","ALL","외국인수급","A005610","삼립",".359450806309049","OK","114"
"2019-03-11","ALL","외국인수급","A005680","삼영전자",".403225806451613","OK","115"
"2019-03-11","ALL","외국인수급","A005690","파미셀","-1.47168298688656","OK","116"
"2019-03-11","ALL","외국인수급","A005720","넥센","-5.53829112950371E-02","OK","117"
"2019-03-11","ALL","외국인수급","A005810","풍산홀딩스","-5.03795257607308E-02","OK","118"
"2019-03-11","ALL","외국인수급","A005830","DB손해보험",".599831710542133","OK","119"
"2019-03-11","ALL","외국인수급","A005850","에스엘",".421841002945486","OK","120"
"2019-03-11","ALL","외국인수급","A005880","대한해운","-.402212166918049","OK","121"
"2019-03-11","ALL","외국인수급","A005930","삼성전자","7.48212637266774E-02","OK","122"
"2019-03-11","ALL","외국인수급","A005940","NH투자증권","-.134012047971593","OK","123"
"2019-03-11","ALL","외국인수급","A006040","동원산업","-.315918020601041","OK","124"
"2019-03-11","ALL","외국인수급","A006060","화승인더","-1.34353879977201","OK","125"
"2019-03-11","ALL","외국인수급","A006120","SK디스커버리","-.203211466932777","OK","126"
"2019-03-11","ALL","외국인수급","A006260","LS","-1.13890664961637","OK","127"
"2019-03-11","ALL","외국인수급","A006280","녹십자","-.2279880203724","OK","128"
"2019-03-11","ALL","외국인수급","A006360","GS건설",".804919984849847","OK","129"
"2019-03-11","ALL","외국인수급","A006400","삼성SDI",".577698442028161","OK","130"
"2019-03-11","ALL","외국인수급","A006490","프리티","4.46593270033592E-02","OK","131"
"2019-03-11","ALL","외국인수급","A006650","대한유화",".719848053181386","OK","132"
"2019-03-11","ALL","외국인수급","A006730","서부T&D",".222886029411765","OK","133"
"2019-03-11","ALL","외국인수급","A006800","미래에셋증권",".249063738501254","OK","134"
"2019-03-11","ALL","외국인수급","A006840","AK홀딩스","-.525731314749996","OK","135"
"2019-03-11","ALL","외국인수급","A007070","GS리테일","-6.94101959924745E-03","OK","136"
"2019-03-11","ALL","외국인수급","A007160","사조산업","-.161888701517707","OK","137"
"2019-03-11","ALL","외국인수급","A007310","오뚜기",".304829756452993","OK","138"
"2019-03-11","ALL","외국인수급","A007340","DN오토모티브","-2.26676597260451E-02","OK","139"
"2019-03-11","ALL","외국인수급","A007390","네이처셀","1.07189106714705","OK","140"
"2019-03-11","ALL","외국인수급","A007460","에이프로젠","-.907678180405453","OK","141"
"2019-03-11","ALL","외국인수급","A007570","일양약품","9.81319875232187E-02","OK","142"
"2019-03-11","ALL","외국인수급","A007690","국도화학","-.206725468577729","OK","143"
"2019-03-11","ALL","외국인수급","A007700","F&F홀딩스","-9.01904419690981","OK","144"
"2019-03-11","ALL","외국인수급","A008060","대덕","1.35197668746951","OK","145"
"2019-03-11","ALL","외국인수급","A008350","남선알미늄","","BLANK","146"
"2019-03-11","ALL","외국인수급","A008490","서흥",".055430452104625","OK","147"
"2019-03-11","ALL","외국인수급","A008730","율촌화학","-.152947719688543","OK","148"
"2019-03-11","ALL","외국인수급","A008770","호텔신라","-.22487647630175","OK","149"
"2019-03-11","ALL","외국인수급","A008930","한미사이언스",".165846757595981","OK","150"
"2019-03-11","ALL","외국인수급","A009150","삼성전기","-1.27786612747631","OK","151"
"2019-03-11","ALL","외국인수급","A009240","한샘","-2.28828333903255","OK","152"
"2019-03-11","ALL","외국인수급","A009290","광동제약",".110357874822639","OK","153"
"2019-03-11","ALL","외국인수급","A009410","태영건설","8.26674014880132E-02","OK","154"
"2019-03-11","ALL","외국인수급","A009420","한올바이오파마",".597077099316138","OK","155"
"2019-03-11","ALL","외국인수급","A009450","경동나비엔","3.2215098829672","OK","156"
"2019-03-11","ALL","외국인수급","A009520","포스코엠텍","2.62412993039443","OK","157"
"2019-03-11","ALL","외국인수급","A009540","HD한국조선해양","-.317944353828334","OK","158"
"2019-03-11","ALL","외국인수급","A009580","무림P&P","-2.35247732947825","OK","159"
"2019-03-11","ALL","외국인수급","A009680","모토닉",".136106831022085","OK","160"
"2019-03-11","ALL","외국인수급","A009830","한화솔루션",".811131515750812","OK","161"
"2019-03-11","ALL","외국인수급","A009970","영원무역홀딩스",".173694876001158","OK","162"
"2019-03-11","ALL","외국인수급","A010060","OCI홀딩스","-.70507105667029","OK","163"
"2019-03-11","ALL","외국인수급","A010120","LS ELECTRIC","-.437417654808959","OK","164"
"2019-03-11","ALL","외국인수급","A010130","고려아연",".803724523327838","OK","165"
"2019-03-11","ALL","외국인수급","A010140","삼성중공업",".114040943480196","OK","166"
"2019-03-11","ALL","외국인수급","A010170","대한광통신","-.685860324414541","OK","167"
"2019-03-11","ALL","외국인수급","A010780","아이에스동서",".34775117405419","OK","168"
"2019-03-11","ALL","외국인수급","A010950","S-Oil","-.123065621266838","OK","169"
"2019-03-11","ALL","외국인수급","A011040","경동제약","4.88247192578643E-02","OK","170"
"2019-03-11","ALL","외국인수급","A011070","LG이노텍","1.26677475831005","OK","171"
"2019-03-11","ALL","외국인수급","A011170","롯데케미칼","1.5862790056272","OK","172"
"2019-03-11","ALL","외국인수급","A011200","HMM",".125010839090094","OK","173"
"2019-03-11","ALL","외국인수급","A011210","현대위아",".771069674446907","OK","174"
"2019-03-11","ALL","외국인수급","A011280","태림포장","-.071986836692719","OK","175"
"2019-03-11","ALL","외국인수급","A011690","와이투솔루션",".552463238348426","OK","176"
"2019-03-11","ALL","외국인수급","A011760","현대코퍼레이션",".08587376556462","OK","177"
"2019-03-11","ALL","외국인수급","A011780","금호석유화학","-2.28036392269371","OK","178"
"2019-03-11","ALL","외국인수급","A011790","SKC",".3113843180415","OK","179"
"2019-03-11","ALL","외국인수급","A011810","STX","-.261933376475301","OK","180"
"2019-03-11","ALL","외국인수급","A012330","현대모비스","-.662657989102812","OK","181"
"2019-03-11","ALL","외국인수급","A012450","한화에어로스페이스",".307100131274911","OK","182"
"2019-03-11","ALL","외국인수급","A012510","더존비즈온",".776374257326876","OK","183"
"2019-03-11","ALL","외국인수급","A012630","HDC","-2.60086422560837","OK","184"
"2019-03-11","ALL","외국인수급","A012750","에스원","-.263415690609961","OK","185"
"2019-03-11","ALL","외국인수급","A013120","동원개발","-.181564613320001","OK","186"
"2019-03-11","ALL","외국인수급","A013890","지누스","0","OK","187"
"2019-03-11","ALL","외국인수급","A014620","성광벤드","-.366593758664243","OK","188"
"2019-03-11","ALL","외국인수급","A014680","한솔케미칼","1.6404958677686","OK","189"
"2019-03-11","ALL","외국인수급","A014820","동원시스템즈","-3.01777865249623E-02","OK","190"
"2019-03-11","ALL","외국인수급","A014830","유니드",".518046502578072","OK","191"
"2019-03-11","ALL","외국인수급","A015750","성우하이텍","-.569963811821472","OK","192"
"2019-03-11","ALL","외국인수급","A015760","한국전력",".338752926675637","OK","193"
"2019-03-11","ALL","외국인수급","A016250","SGC E&C","","BLANK","194"
"2019-03-11","ALL","외국인수급","A016360","삼성증권",".581295487382251","OK","195"
"2019-03-11","ALL","외국인수급","A016380","KG스틸","-.176798585611315","OK","196"
"2019-03-11","ALL","외국인수급","A016450","한세예스24홀딩스",".220858895705521","OK","197"
"2019-03-11","ALL","외국인수급","A016580","환인제약","3.04060590983221E-02","OK","198"
"2019-03-11","ALL","외국인수급","A016590","신대양제지",".30645040735481","OK","199"
"2019-03-11","ALL","외국인수급","A016800","퍼시스","-3.65240356249824E-02","OK","200"
"2019-03-11","ALL","외국인수급","A017390","서울가스","0","OK","201"
"2019-03-11","ALL","외국인수급","A017670","SK텔레콤","-.620983618692238","OK","202"
"2019-03-11","ALL","외국인수급","A017800","현대엘리베이터",".770790950570576","OK","203"
"2019-03-11","ALL","외국인수급","A017810","풀무원",".257756563245823","OK","204"
"2019-03-11","ALL","외국인수급","A017940","E1","-.202732055799585","OK","205"
"2019-03-11","ALL","외국인수급","A017960","한국카본","-.744460856720827","OK","206"
"2019-03-11","ALL","외국인수급","A018250","애경산업","-2.63424323360106","OK","207"
"2019-03-11","ALL","외국인수급","A018260","삼성에스디에스",".27090196880213","OK","208"
"2019-03-11","ALL","외국인수급","A018670","SK가스","-.399316221052913","OK","209"
"2019-03-11","ALL","외국인수급","A018880","한온시스템",".227240189224672","OK","210"
"2019-03-11","ALL","외국인수급","A019170","신풍제약","-.289814094861101","OK","211"
"2019-03-11","ALL","외국인수급","A019210","와이지-원","-.356438164343454","OK","212"
"2019-03-11","ALL","외국인수급","A019680","대교","-.143755615453729","OK","213"
"2019-03-11","ALL","외국인수급","A020000","한섬",".946258622195058","OK","214"
"2019-03-11","ALL","외국인수급","A020150","롯데에너지머티리얼즈","-.120652439521056","OK","215"
"2019-03-11","ALL","외국인수급","A020560","아시아나항공","-.454910355900455","OK","216"
"2019-03-11","ALL","외국인수급","A021240","코웨이","-1.11821578209461","OK","217"
"2019-03-11","ALL","외국인수급","A022100","포스코DX","-.428512187255218","OK","218"
"2019-03-11","ALL","외국인수급","A023160","태광","-.256920804162117","OK","219"
"2019-03-11","ALL","외국인수급","A023410","유진기업","2.13417197827147","OK","220"
"2019-03-11","ALL","외국인수급","A023530","롯데쇼핑","-.838769976772808","OK","221"
"2019-03-11","ALL","외국인수급","A023590","다우기술",".208855037978366","OK","222"
"2019-03-11","ALL","외국인수급","A023900","풍국주정","-.620324758255793","OK","223"
"2019-03-11","ALL","외국인수급","A024110","기업은행","6.77055029028574E-02","OK","224"
"2019-03-11","ALL","외국인수급","A024720","콜마홀딩스",".239037872562934","OK","225"
"2019-03-11","ALL","외국인수급","A025000","KPX케미칼","-.113731139586019","OK","226"
"2019-03-11","ALL","외국인수급","A025540","한국단자","-1.96841782949127E-02","OK","227"
"2019-03-11","ALL","외국인수급","A025620","차AI헬스케어","-1.13103953147877","OK","228"
"2019-03-11","ALL","외국인수급","A025770","한국정보통신",".331712896768659","OK","229"
"2019-03-11","ALL","외국인수급","A025860","남해화학",".778423727143481","OK","230"
"2019-03-11","ALL","외국인수급","A025900","동화기업","-4.74089201706721E-02","OK","231"
"2019-03-11","ALL","외국인수급","A025980","아난티",".357758743890472","OK","232"
"2019-03-11","ALL","외국인수급","A026890","스틱인베스트먼트","-.325647552028747","OK","233"
"2019-03-11","ALL","외국인수급","A026960","동서","-.347214870958863","OK","234"
"2019-03-11","ALL","외국인수급","A027410","BGF",".351268104069729","OK","235"
"2019-03-11","ALL","외국인수급","A028050","삼성E&A","-3.90829002408417","OK","236"
"2019-03-11","ALL","외국인수급","A028260","삼성물산",".137382465816156","OK","237"
"2019-03-11","ALL","외국인수급","A028300","HLB",".164833952642544","OK","238"
"2019-03-11","ALL","외국인수급","A028670","팬오션","-.132358585880868","OK","239"
"2019-03-11","ALL","외국인수급","A029530","신도리코","-.276192603724539","OK","240"
"2019-03-11","ALL","외국인수급","A029780","삼성카드","-4.81380163513972E-02","OK","241"
"2019-03-11","ALL","외국인수급","A030000","제일기획","1.15367364040013","OK","242"
"2019-03-11","ALL","외국인수급","A030190","NICE평가정보",".973615032616104","OK","243"
"2019-03-11","ALL","외국인수급","A030200","KT","-2.66883375967953E-03","OK","244"
"2019-03-11","ALL","외국인수급","A030520","한컴",".241050197074823","OK","245"
"2019-03-11","ALL","외국인수급","A030530","원익홀딩스","-.748479154059305","OK","246"
"2019-03-11","ALL","외국인수급","A030610","교보증권",".421940928270042","OK","247"
"2019-03-11","ALL","외국인수급","A031430","신세계인터내셔날","1.10644257703081","OK","248"
"2019-03-11","ALL","외국인수급","A031440","신세계푸드","-.199082489396694","OK","249"
"2019-03-11","ALL","외국인수급","A031980","피에스케이홀딩스","-4.06941950927588","OK","250"
"2019-03-11","ALL","외국인수급","A032190","다우데이타","-2.34986945169713E-02","OK","251"
"2019-03-11","ALL","외국인수급","A032350","롯데관광개발","-.218860900602379","OK","252"
"2019-03-11","ALL","외국인수급","A032500","케이엠더블유","-.245526425301706","OK","253"
"2019-03-11","ALL","외국인수급","A032620","GC메디아이",".265394982376114","OK","254"
"2019-03-11","ALL","외국인수급","A032640","LG유플러스","-1.16793546929012","OK","255"
"2019-03-11","ALL","외국인수급","A032830","삼성생명","-1.53802497162316E-02","OK","256"
"2019-03-11","ALL","외국인수급","A033270","유나이티드제약",".437306793334841","OK","257"
"2019-03-11","ALL","외국인수급","A033290","로젠","6.9060773480663E-03","OK","258"
"2019-03-11","ALL","외국인수급","A033640","네패스",".915529452409743","OK","259"
"2019-03-11","ALL","외국인수급","A033780","KT&G",".23331591359613","OK","260"
"2019-03-11","ALL","외국인수급","A033920","무학","-1.74812077017207E-02","OK","261"
"2019-03-11","ALL","외국인수급","A034020","두산에너빌리티","-.850553321080034","OK","262"
"2019-03-11","ALL","외국인수급","A034120","SBS","2.16262975778547E-02","OK","263"
"2019-03-11","ALL","외국인수급","A034220","LG디스플레이","1.54164008498335","OK","264"
"2019-03-11","ALL","외국인수급","A034230","파라다이스",".936327306398947","OK","265"
"2019-03-11","ALL","외국인수급","A034310","NICE",".179850897804079","OK","266"
"2019-03-11","ALL","외국인수급","A034730","SK",".181196621842164","OK","267"
"2019-03-11","ALL","외국인수급","A034830","한국토지신탁",".10571796286082","OK","268"
"2019-03-11","ALL","외국인수급","A034950","한국기업평가","6.94643076042986E-02","OK","269"
"2019-03-11","ALL","외국인수급","A035250","강원랜드",".786034233534258","OK","270"
"2019-03-11","ALL","외국인수급","A035420","NAVER","-.306032465548383","OK","271"
"2019-03-11","ALL","외국인수급","A035510","신세계 I&C","-.173960813037905","OK","272"
"2019-03-11","ALL","외국인수급","A035600","KG이니시스","1.02050503132713","OK","273"
"2019-03-11","ALL","외국인수급","A035720","카카오",".133218429302033","OK","274"
"2019-03-11","ALL","외국인수급","A035760","CJ ENM",".454073067391478","OK","275"
"2019-03-11","ALL","외국인수급","A035810","이지홀딩스",".472310454357133","OK","276"
"2019-03-11","ALL","외국인수급","A035900","JYP Ent.",".196419932268989","OK","277"
"2019-03-11","ALL","외국인수급","A036420","콘텐트리중앙","-.292850505448709","OK","278"
"2019-03-11","ALL","외국인수급","A036460","한국가스공사",".100087023456138","OK","279"
"2019-03-11","ALL","외국인수급","A036570","NC","-.939822169125683","OK","280"
"2019-03-11","ALL","외국인수급","A036580","팜스코","8.54058485925116E-02","OK","281"
"2019-03-11","ALL","외국인수급","A036630","세종텔레콤",".194132197764349","OK","282"
"2019-03-11","ALL","외국인수급","A036830","솔브레인홀딩스","-4.59368312549718E-02","OK","283"
"2019-03-11","ALL","외국인수급","A036930","주성엔지니어링","-.342424606512075","OK","284"
"2019-03-11","ALL","외국인수급","A037560","LG헬로비전",".938743224065328","OK","285"
"2019-03-11","ALL","외국인수급","A037710","광주신세계","-1.53562653562654E-02","OK","286"
"2019-03-11","ALL","외국인수급","A038290","마크로젠",".482479115546856","OK","287"
"2019-03-11","ALL","외국인수급","A038500","삼표시멘트","-.101130174050352","OK","288"
"2019-03-11","ALL","외국인수급","A038540","상상인","-.234390259782538","OK","289"
"2019-03-11","ALL","외국인수급","A039030","이오테크닉스","-.592915970029104","OK","290"
"2019-03-11","ALL","외국인수급","A039130","하나투어","-1.37896747520737","OK","291"
"2019-03-11","ALL","외국인수급","A039200","오스코텍","3.31414989785154","OK","292"
"2019-03-11","ALL","외국인수급","A039490","키움증권",".54331666441411","OK","293"
"2019-03-11","ALL","외국인수급","A039840","디오","1.11738857501569","OK","294"
"2019-03-11","ALL","외국인수급","A041190","우리기술투자",".453091684434968","OK","295"
"2019-03-11","ALL","외국인수급","A041510","에스엠","-1.29262151278532","OK","296"
"2019-03-11","ALL","외국인수급","A041830","인바디","-2.71809895833333","OK","297"
"2019-03-11","ALL","외국인수급","A041960","코미팜","6.07339925193497E-02","OK","298"
"2019-03-11","ALL","외국인수급","A042000","카페24","1.57090031732711","OK","299"
"2019-03-11","ALL","외국인수급","A042520","한스바이오메드",".818012472665425","OK","300"
"2019-03-11","ALL","외국인수급","A042660","한화오션","6.38816888509493E-02","OK","301"
"2019-03-11","ALL","외국인수급","A042700","한미반도체","2.23184394947105E-02","OK","302"
"2019-03-11","ALL","외국인수급","A043150","바텍","-.112669708748803","OK","303"
"2019-03-11","ALL","외국인수급","A043610","KT지니뮤직","-.111997284914305","OK","304"
"2019-03-11","ALL","외국인수급","A044340","위닉스","-1.64294648592002","OK","305"
"2019-03-11","ALL","외국인수급","A045100","한양이엔지",".833333333333333","OK","306"
"2019-03-11","ALL","외국인수급","A045390","대아티아이","-.861959152477602","OK","307"
"2019-03-11","ALL","외국인수급","A046890","서울반도체","2.14515707945348","OK","308"
"2019-03-11","ALL","외국인수급","A047040","대우건설","-.26899109723237","OK","309"
"2019-03-11","ALL","외국인수급","A047050","포스코인터내셔널",".267665280168893","OK","310"
"2019-03-11","ALL","외국인수급","A047310","파워로직스","-.209147637660289","OK","311"
"2019-03-11","ALL","외국인수급","A047810","한국항공우주","1.65806459411111","OK","312"
"2019-03-11","ALL","외국인수급","A048530","인트론바이오",".401180332217102","OK","313"
"2019-03-11","ALL","외국인수급","A049950","미래컴퍼니","-1.27858603426799","OK","314"
"2019-03-11","ALL","외국인수급","A049960","쎌바이오텍","2.08556559008113","OK","315"
"2019-03-11","ALL","외국인수급","A051370","인터플렉스","-.883842563474461","OK","316"
"2019-03-11","ALL","외국인수급","A051500","CJ프레시웨이","2.58964143426295","OK","317"
"2019-03-11","ALL","외국인수급","A051600","한전KPS","1.26561472715319","OK","318"
"2019-03-11","ALL","외국인수급","A051900","LG생활건강","-.132835537104133","OK","319"
"2019-03-11","ALL","외국인수급","A051910","LG화학",".20490968322966","OK","320"
"2019-03-11","ALL","외국인수급","A052020","에스티큐브","1.51157563497415","OK","321"
"2019-03-11","ALL","외국인수급","A052260","현대바이오랜드",".956613756613756","OK","322"
"2019-03-11","ALL","외국인수급","A052690","한전기술",".140962193736816","OK","323"
"2019-03-11","ALL","외국인수급","A053030","바이넥스","2.08719210460841","OK","324"
"2019-03-11","ALL","외국인수급","A053210","스카이라이프","-.169106282389308","OK","325"
"2019-03-11","ALL","외국인수급","A053580","웹케시",".888168919673779","OK","326"
"2019-03-11","ALL","외국인수급","A053800","안랩",".278367172139923","OK","327"
"2019-03-11","ALL","외국인수급","A055550","신한지주","-.154484231114644","OK","328"
"2019-03-11","ALL","외국인수급","A056190","SFA",".70835199354094","OK","329"
"2019-03-11","ALL","외국인수급","A057050","현대홈쇼핑",".520525451559934","OK","330"
"2019-03-11","ALL","외국인수급","A058470","리노공업","1.01954011136317","OK","331"
"2019-03-11","ALL","외국인수급","A058650","세아홀딩스","-1.04058272632674E-02","OK","332"
"2019-03-11","ALL","외국인수급","A058820","CMG제약",".596571127462973","OK","333"
"2019-03-11","ALL","외국인수급","A060150","인선이엔티","-4.85024857523948E-02","OK","334"
"2019-03-11","ALL","외국인수급","A060250","NHN KCP",".334480743001883","OK","335"
"2019-03-11","ALL","외국인수급","A060570","드림어스컴퍼니",".899950481193618","OK","336"
"2019-03-11","ALL","외국인수급","A060980","HL홀딩스","-.194219653179191","OK","337"
"2019-03-11","ALL","외국인수급","A061970","LB세미콘","-3.64919047860732","OK","338"
"2019-03-11","ALL","외국인수급","A063080","컴투스홀딩스",".53206153167558","OK","339"
"2019-03-11","ALL","외국인수급","A063570","NICE인프라","-.318912476242631","OK","340"
"2019-03-11","ALL","외국인수급","A064350","현대로템","-.288807189542484","OK","341"
"2019-03-11","ALL","외국인수급","A064760","티씨케이","-.195238695049754","OK","342"
"2019-03-11","ALL","외국인수급","A064960","SNT모티브",".437903661194537","OK","343"
"2019-03-11","ALL","외국인수급","A065660","안트로젠",".2175220174725","OK","344"
"2019-03-11","ALL","외국인수급","A066570","LG전자","-.134470349949166","OK","345"
"2019-03-11","ALL","외국인수급","A066700","테라젠이텍스","-.127266942411709","OK","346"
"2019-03-11","ALL","외국인수급","A066970","엘앤에프","-1.49784579481196","OK","347"
"2019-03-11","ALL","외국인수급","A067080","대화제약","-7.90924145431177E-02","OK","348"
"2019-03-11","ALL","외국인수급","A067160","SOOP","3.6362178523463","OK","349"
"2019-03-11","ALL","외국인수급","A067280","멀티캠퍼스",".420139822532939","OK","350"
"2019-03-11","ALL","외국인수급","A067290","JW신약","-.553586497890295","OK","351"
"2019-03-11","ALL","외국인수급","A067630","HLB생명과학",".486731349996787","OK","352"
"2019-03-11","ALL","외국인수급","A068240","다원시스",".546611755896668","OK","353"
"2019-03-11","ALL","외국인수급","A068270","셀트리온","-.274598865208353","OK","354"
"2019-03-11","ALL","외국인수급","A068760","셀트리온제약",".211280114427814","OK","355"
"2019-03-11","ALL","외국인수급","A069080","웹젠","-8.91967829693609E-03","OK","356"
"2019-03-11","ALL","외국인수급","A069260","TKG휴켐스","-.764313977476411","OK","357"
"2019-03-11","ALL","외국인수급","A069620","대웅제약",".977310062457785","OK","358"
"2019-03-11","ALL","외국인수급","A069960","현대백화점","1.25143060845419","OK","359"
"2019-03-11","ALL","외국인수급","A070960","모나용평",".498989037081007","OK","360"
"2019-03-11","ALL","외국인수급","A071050","한국금융지주",".337377010083501","OK","361"
"2019-03-11","ALL","외국인수급","A071320","지역난방공사","-.198609731876862","OK","362"
"2019-03-11","ALL","외국인수급","A071840","롯데하이마트","-.381483321683916","OK","363"
"2019-03-11","ALL","외국인수급","A072710","농심홀딩스","-.109412110052571","OK","364"
"2019-03-11","ALL","외국인수급","A073240","금호타이어","-1.79228764838074E-02","OK","365"
"2019-03-11","ALL","외국인수급","A074600","원익QnC","-.668773199987729","OK","366"
"2019-03-11","ALL","외국인수급","A078020","LS증권","0","OK","367"
"2019-03-11","ALL","외국인수급","A078150","HB테크놀러지",".768165633654227","OK","368"
"2019-03-11","ALL","외국인수급","A078160","메디포스트",".539315304048773","OK","369"
"2019-03-11","ALL","외국인수급","A078340","컴투스","-.633672585254827","OK","370"
"2019-03-11","ALL","외국인수급","A078520","에이블씨엔씨","-.124903920061491","OK","371"
"2019-03-11","ALL","외국인수급","A078600","대주전자재료","7.27046115496469E-02","OK","372"
"2019-03-11","ALL","외국인수급","A078930","GS","6.85443031499688E-02","OK","373"
"2019-03-11","ALL","외국인수급","A079160","CJ CGV","-.911169466201838","OK","374"
"2019-03-11","ALL","외국인수급","A079430","현대리바트","1.86208462644766","OK","375"
"2019-03-11","ALL","외국인수급","A079550","LIG디펜스앤에어로스페이스",".554699537750385","OK","376"
"2019-03-11","ALL","외국인수급","A079980","휴비스","-.731289278232717","OK","377"
"2019-03-11","ALL","외국인수급","A080160","모두투어","-1.43515679996367","OK","378"
"2019-03-11","ALL","외국인수급","A080420","모다이노칩","-.123004748555409","OK","379"
"2019-03-11","ALL","외국인수급","A081000","일진다이아",".705825264133048","OK","380"
"2019-03-11","ALL","외국인수급","A081660","미스토홀딩스","3.43226073644586","OK","381"
"2019-03-11","ALL","외국인수급","A082270","젬백스","1.462706565431","OK","382"
"2019-03-11","ALL","외국인수급","A082640","동양생명","-.211026754311495","OK","383"
"2019-03-11","ALL","외국인수급","A083790","CG인바이츠","2.78728995779247E-02","OK","384"
"2019-03-11","ALL","외국인수급","A084110","휴온스글로벌","-.160003605715058","OK","385"
"2019-03-11","ALL","외국인수급","A084370","유진테크",".17011205206908","OK","386"
"2019-03-11","ALL","외국인수급","A084690","대상홀딩스",".367054303454427","OK","387"
"2019-03-11","ALL","외국인수급","A084990","헬릭스미스","1.15596068566687","OK","388"
"2019-03-11","ALL","외국인수급","A085620","미래에셋생명","-.414662271557197","OK","389"
"2019-03-11","ALL","외국인수급","A085660","차바이오텍","-1.14848025487526","OK","390"
"2019-03-11","ALL","외국인수급","A086280","현대글로비스",".675169082125604","OK","391"
"2019-03-11","ALL","외국인수급","A086390","유니테스트","1.78974631425156","OK","392"
"2019-03-11","ALL","외국인수급","A086450","동국제약",".010095299628493","OK","393"
"2019-03-11","ALL","외국인수급","A086520","에코프로","-.463533972160854","OK","394"
"2019-03-11","ALL","외국인수급","A086790","하나금융지주","7.83778924632117E-02","OK","395"
"2019-03-11","ALL","외국인수급","A086820","바이오솔루션",".42757734119554","OK","396"
"2019-03-11","ALL","외국인수급","A086900","메디톡스",".519048828182966","OK","397"
"2019-03-11","ALL","외국인수급","A087010","펩트론",".418273806542103","OK","398"
"2019-03-11","ALL","외국인수급","A088350","한화생명","-.644602178936943","OK","399"
"2019-03-11","ALL","외국인수급","A089590","제주항공","-1.15734840937","OK","400"
"2019-03-11","ALL","외국인수급","A089600","KT나스미디어","-.668395849960096","OK","401"
"2019-03-11","ALL","외국인수급","A090430","아모레퍼시픽","-1.26675331126323E-02","OK","402"
"2019-03-11","ALL","외국인수급","A090460","비에이치","2.11205775234131","OK","403"
"2019-03-11","ALL","외국인수급","A091700","파트론","4.13308817776387","OK","404"
"2019-03-11","ALL","외국인수급","A091810","트리니티항공","-4.09380665535996E-02","OK","405"
"2019-03-11","ALL","외국인수급","A092040","아미코젠","-6.52993776569517E-02","OK","406"
"2019-03-11","ALL","외국인수급","A092230","KPX홀딩스","3.90609741806961E-03","OK","407"
"2019-03-11","ALL","외국인수급","A092730","네오팜",".61814556331007","OK","408"
"2019-03-11","ALL","외국인수급","A093050","LF","-.586481253797996","OK","409"
"2019-03-11","ALL","외국인수급","A093370","후성",".67738979133738","OK","410"
"2019-03-11","ALL","외국인수급","A095190","신화프리텍","-.096772357260773","OK","411"
"2019-03-11","ALL","외국인수급","A095270","웨이브일렉트로","4.54493807521873E-02","OK","412"
"2019-03-11","ALL","외국인수급","A095610","테스","-2.32099683838572","OK","413"
"2019-03-11","ALL","외국인수급","A095660","네오위즈",".482734319943622","OK","414"
"2019-03-11","ALL","외국인수급","A095700","제넥신",".634124844759599","OK","415"
"2019-03-11","ALL","외국인수급","A096530","씨젠","-.119549240568349","OK","416"
"2019-03-11","ALL","외국인수급","A096760","JW홀딩스",".179077749589613","OK","417"
"2019-03-11","ALL","외국인수급","A096770","SK이노베이션","-.122082325697455","OK","418"
"2019-03-11","ALL","외국인수급","A097950","CJ제일제당","-8.96171813431178E-02","OK","419"
"2019-03-11","ALL","외국인수급","A098460","고영","1.2704352964349","OK","420"
"2019-03-11","ALL","외국인수급","A099190","아이센스","-.081724075307222","OK","421"
"2019-03-11","ALL","외국인수급","A100120","뷰웍스",".588307017009084","OK","422"
"2019-03-11","ALL","외국인수급","A101530","해태제과식품","-2.21575082299316E-02","OK","423"
"2019-03-11","ALL","외국인수급","A102260","동성케미컬","-.386855241264559","OK","424"
"2019-03-11","ALL","외국인수급","A102460","이연제약","-3.65608228980322","OK","425"
"2019-03-11","ALL","외국인수급","A102940","코오롱생명과학","1.92725463305703","OK","426"
"2019-03-11","ALL","외국인수급","A103140","풍산",".630887130153395","OK","427"
"2019-03-11","ALL","외국인수급","A104700","한국철강","-.174938201178931","OK","428"
"2019-03-11","ALL","외국인수급","A104830","원익머트리얼즈","-.5973517406166","OK","429"
"2019-03-11","ALL","외국인수급","A105560","KB금융","-2.20171139871214","OK","430"
"2019-03-11","ALL","외국인수급","A105630","한세실업","1.11166253101737","OK","431"
"2019-03-11","ALL","외국인수급","A108230","톱텍","-6.15829495555318E-02","OK","432"
"2019-03-11","ALL","외국인수급","A108320","LX세미콘",".639631572214404","OK","433"
"2019-03-11","ALL","외국인수급","A108670","LX하우시스","1.11994335918643","OK","434"
"2019-03-11","ALL","외국인수급","A109740","디에스케이","1.150489288548","OK","435"
"2019-03-11","ALL","외국인수급","A110790","크리스에프앤씨","-.256629597946963","OK","436"
"2019-03-11","ALL","외국인수급","A111770","영원무역","-1.02047530068163","OK","437"
"2019-03-11","ALL","외국인수급","A112040","위메이드","-.245147424272953","OK","438"
"2019-03-11","ALL","외국인수급","A112610","씨에스윈드","-.502805226068218","OK","439"
"2019-03-11","ALL","외국인수급","A114090","GKL","-.24148543984848","OK","440"
"2019-03-11","ALL","외국인수급","A115450","HLB테라퓨틱스",".452970956568079","OK","441"
"2019-03-11","ALL","외국인수급","A119610","인터로조","-1.09664435043332","OK","442"
"2019-03-11","ALL","외국인수급","A120110","코오롱인더","-.275636386520248","OK","443"
"2019-03-11","ALL","외국인수급","A122870","와이지엔터테인먼트",".525763623427834","OK","444"
"2019-03-11","ALL","외국인수급","A122900","아이마켓코리아","-.766353103548469","OK","445"
"2019-03-11","ALL","외국인수급","A122990","와이솔","2.04149847016173","OK","446"
"2019-03-11","ALL","외국인수급","A123890","한국자산신탁","-8.57859311072984E-02","OK","447"
"2019-03-11","ALL","외국인수급","A126560","현대퓨처넷","-.142513772786251","OK","448"
"2019-03-11","ALL","외국인수급","A128940","한미약품",".735032427358844","OK","449"
"2019-03-11","ALL","외국인수급","A136480","하림",".120684610883558","OK","450"
"2019-03-11","ALL","외국인수급","A136490","선진","-.118106009090584","OK","451"
"2019-03-11","ALL","외국인수급","A138040","메리츠금융지주",".013227665374573","OK","452"
"2019-03-11","ALL","외국인수급","A138930","BNK금융지주","-.273801009720571","OK","453"
"2019-03-11","ALL","외국인수급","A139130","iM금융지주","-1.03357932567008","OK","454"
"2019-03-11","ALL","외국인수급","A139480","이마트","-.373450853499748","OK","455"
"2019-03-11","ALL","외국인수급","A140410","메지온","2.74945757413154","OK","456"
"2019-03-11","ALL","외국인수급","A141080","리가켐바이오","2.31155119839995","OK","457"
"2019-03-11","ALL","외국인수급","A143160","아이디스","-.418021365536461","OK","458"
"2019-03-11","ALL","외국인수급","A144510","지씨셀",".61702510034146","OK","459"
"2019-03-11","ALL","외국인수급","A145020","휴젤","1.57454256633524","OK","460"
"2019-03-11","ALL","외국인수급","A145720","덴티움","-1.50615683732988","OK","461"
"2019-03-11","ALL","외국인수급","A145990","삼양사","-3.14001318805539E-02","OK","462"
"2019-03-11","ALL","외국인수급","A161000","애경케미칼","-.696970727229456","OK","463"
"2019-03-11","ALL","외국인수급","A161390","한국타이어앤테크놀로지",".180827225848117","OK","464"
"2019-03-11","ALL","외국인수급","A161890","한국콜마","2.3671612399416","OK","465"
"2019-03-11","ALL","외국인수급","A166090","하나머티리얼즈",".235208974127013","OK","466"
"2019-03-11","ALL","외국인수급","A170900","동아에스티","-.508514531392073","OK","467"
"2019-03-11","ALL","외국인수급","A174900","앱클론",".644218635850435","OK","468"
"2019-03-11","ALL","외국인수급","A175330","JB금융지주",".106390108233086","OK","469"
"2019-03-11","ALL","외국인수급","A178320","서진시스템","-.90032154340836","OK","470"
"2019-03-11","ALL","외국인수급","A178920","PI첨단소재",".38997266459552","OK","471"
"2019-03-11","ALL","외국인수급","A180640","한진칼","-.648059316488027","OK","472"
"2019-03-11","ALL","외국인수급","A181710","NHN","1.13449091213069","OK","473"
"2019-03-11","ALL","외국인수급","A182400","엔케이젠바이오텍코리아","1.0996220049358","OK","474"
"2019-03-11","ALL","외국인수급","A183190","아세아시멘트","-7.92707094728498E-02","OK","475"
"2019-03-11","ALL","외국인수급","A183490","엔지켐생명과학","-.473573809309329","OK","476"
"2019-03-11","ALL","외국인수급","A185750","종근당","-.406738142897621","OK","477"
"2019-03-11","ALL","외국인수급","A191420","테고사이언스",".385429501153129","OK","478"
"2019-03-11","ALL","외국인수급","A192080","더블유게임즈","1.95682737645495","OK","479"
"2019-03-11","ALL","외국인수급","A192400","쿠쿠홀딩스","-.140599133727918","OK","480"
"2019-03-11","ALL","외국인수급","A192440","슈피겐코리아","1.19567827130852","OK","481"
"2019-03-11","ALL","외국인수급","A192820","코스맥스","2.4597643283042","OK","482"
"2019-03-11","ALL","외국인수급","A196170","알테오젠",".79094639970153","OK","483"
"2019-03-11","ALL","외국인수급","A199800","툴젠",".192491142000545","OK","484"
"2019-03-11","ALL","외국인수급","A200130","콜마비앤에이치","1.0146854322346","OK","485"
"2019-03-11","ALL","외국인수급","A200230","텔콘RF제약",".104468464452864","OK","486"
"2019-03-11","ALL","외국인수급","A200670","휴메딕스","-.181320009670401","OK","487"
"2019-03-11","ALL","외국인수급","A203690","아크솔루션스",".295940394122972","OK","488"
"2019-03-11","ALL","외국인수급","A204320","HL만도","-1.03329108751809","OK","489"
"2019-03-11","ALL","외국인수급","A206640","바디텍메드",".212575520250615","OK","490"
"2019-03-11","ALL","외국인수급","A207940","삼성바이오로직스","-.207080094795246","OK","491"
"2019-03-11","ALL","외국인수급","A210980","SK디앤디",".222453945081682","OK","492"
"2019-03-11","ALL","외국인수급","A213420","덕산네오룩스",".608455510900559","OK","493"
"2019-03-11","ALL","외국인수급","A213500","한솔제지","-1.624447321494","OK","494"
"2019-03-11","ALL","외국인수급","A214150","클래시스",".497241113820095","OK","495"
"2019-03-11","ALL","외국인수급","A214320","이노션","1.81380753138075","OK","496"
"2019-03-11","ALL","외국인수급","A214370","케어젠",".409516380655226","OK","497"
"2019-03-11","ALL","외국인수급","A214390","경보제약","-.206169217349933","OK","498"
"2019-03-11","ALL","외국인수급","A214450","파마리서치",".151833306412534","OK","499"
"2019-03-11","ALL","외국인수급","A215000","골프존",".121771992441738","OK","500"
"2019-03-11","ALL","외국인수급","A215200","메가스터디교육","3.10319590143938","OK","501"
"2019-03-11","ALL","외국인수급","A215360","우리산업",".368657835541115","OK","502"
"2019-03-11","ALL","외국인수급","A215600","신라젠","-1.21591434293637","OK","503"
"2019-03-11","ALL","외국인수급","A217270","넵튠",".399879281726271","OK","504"
"2019-03-11","ALL","외국인수급","A217730","강스템바이오텍",".039821039563374","OK","505"
"2019-03-11","ALL","외국인수급","A218410","RFHIC","1.99861815608096","OK","506"
"2019-03-11","ALL","외국인수급","A222040","코스맥스엔비티","1.14100445802288","OK","507"
"2019-03-11","ALL","외국인수급","A226320","잇츠한불","-.894946286143704","OK","508"
"2019-03-11","ALL","외국인수급","A226950","올릭스","-.199489113246564","OK","509"
"2019-03-11","ALL","외국인수급","A228760","지노믹트리","0","OK","510"
"2019-03-11","ALL","외국인수급","A228850","레이언스",".42997542997543","OK","511"
"2019-03-11","ALL","외국인수급","A230360","에코마케팅","2.24564422456442","OK","512"
"2019-03-11","ALL","외국인수급","A234080","JW생명과학","-.618691908536238","OK","513"
"2019-03-11","ALL","외국인수급","A237690","에스티팜","-.159561206681626","OK","514"
"2019-03-11","ALL","외국인수급","A237880","클리오",".111563833915406","OK","515"
"2019-03-11","ALL","외국인수급","A239610","에이치엘사이언스",".267010813937964","OK","516"
"2019-03-11","ALL","외국인수급","A240810","원익IPS","-1.18761648374405","OK","517"
"2019-03-11","ALL","외국인수급","A241560","두산밥캣","-1.7424847425761","OK","518"
"2019-03-11","ALL","외국인수급","A241590","화승엔터프라이즈",".596900973434436","OK","519"
"2019-03-11","ALL","외국인수급","A241710","코스메카코리아","-.677562138236296","OK","520"
"2019-03-11","ALL","외국인수급","A243070","휴온스",".349299671450804","OK","521"
"2019-03-11","ALL","외국인수급","A247540","에코프로비엠","","ERROR","522"
"2019-03-11","ALL","외국인수급","A249420","일동제약",".196836718152977","OK","523"
"2019-03-11","ALL","외국인수급","A251270","넷마블",".503416391781737","OK","524"
"2019-03-11","ALL","외국인수급","A253450","스튜디오드래곤",".330777672890813","OK","525"
"2019-03-11","ALL","외국인수급","A255440","야스","-7.85453402976868E-02","OK","526"
"2019-03-11","ALL","외국인수급","A260930","씨티케이",".297400798500774","OK","527"
"2019-03-11","ALL","외국인수급","A263050","유틸렉스",".438938743659774","OK","528"
"2019-03-11","ALL","외국인수급","A263750","펄어비스","-2.94367611836514","OK","529"
"2019-03-11","ALL","외국인수급","A265520","AP시스템","9.24006692805234E-02","OK","530"
"2019-03-11","ALL","외국인수급","A267250","HD현대","3.82351218873683E-02","OK","531"
"2019-03-11","ALL","외국인수급","A267260","HD현대일렉트릭","-.34229667906395","OK","532"
"2019-03-11","ALL","외국인수급","A267270","HD건설기계",".956445913075405","OK","533"
"2019-03-11","ALL","외국인수급","A267980","매일유업","1.29642490987863","OK","534"
"2019-03-11","ALL","외국인수급","A268280","미원에스씨",".123078770413064","OK","535"
"2019-03-11","ALL","외국인수급","A271560","오리온","-.180830170712837","OK","536"
"2019-03-11","ALL","외국인수급","A271980","제일약품",".688873515168465","OK","537"
"2019-03-11","ALL","외국인수급","A272290","이녹스첨단소재","-.280987990029458","OK","538"
"2019-03-11","ALL","외국인수급","A272450","진에어",".559610705596107","OK","539"
"2019-03-11","ALL","외국인수급","A272550","삼양패키징",".77243018419489","OK","540"
"2019-03-11","ALL","외국인수급","A278280","천보","-.188760188760189","OK","541"
"2019-03-11","ALL","외국인수급","A280360","롯데웰푸드","-6.23372813611529E-02","OK","542"
"2019-03-11","ALL","외국인수급","A281820","케이씨텍","1.29037461187951","OK","543"
"2019-03-11","ALL","외국인수급","A282330","BGF리테일","9.47909368451421E-02","OK","544"
"2019-03-11","ALL","외국인수급","A284740","쿠쿠홈시스","-.263007877280265","OK","545"
"2019-03-11","ALL","외국인수급","A285130","SK케미칼","-.276971456216739","OK","546"
"2019-03-11","ALL","외국인수급","A286940","롯데이노베이트",".236050333194124","OK","547"
"2019-03-11","ALL","외국인수급","A293480","하나제약",".985642805058963","OK","548"
"2019-03-11","ALL","외국인수급","A294870","IPARK현대산업개발","-.765904235919346","OK","549"
"2019-03-11","ALL","외국인수급","A298000","효성화학","-.516908513420938","OK","550"
"2019-03-11","ALL","외국인수급","A298020","효성티앤씨","-.330899292126831","OK","551"
"2019-03-11","ALL","외국인수급","A298040","효성중공업","-.712670458438978","OK","552"
"2019-03-11","ALL","외국인수급","A298050","HS효성첨단소재","-1.30659841822695","OK","553"
"2019-03-11","ALL","외국인수급","A298380","에이비엘바이오","-.319235698473727","OK","554"
"2019-03-11","ALL","외국인수급","A299660","셀리드","","ERROR","555"
"2019-03-11","ALL","외국인수급","A300720","한일시멘트","-6.33084662240777E-02","OK","556"
"2019-03-11","ALL","외국인수급","A316140","우리금융지주","","ERROR","557"
"2019-03-11","ALL","외국인수급","A950160","코오롱티슈진","-.163886975062273","OK","558"
"2019-03-11","ALL","외국인수급","A950170","JTC","-1.08165933674076","OK","559"
