Date,Universe,Factor,StockCode,StockName,FactorValue,ValueStatus,SourceRow
"2020-07-16","ALL","외국인수급","A000020","동화약품","-1.01905681129492","OK","14"
"2020-07-16","ALL","외국인수급","A000050","경방",".115991575348738","OK","15"
"2020-07-16","ALL","외국인수급","A000070","삼양홀딩스","-4.07316174331323E-02","OK","16"
"2020-07-16","ALL","외국인수급","A000080","하이트진로","-.681723633533288","OK","17"
"2020-07-16","ALL","외국인수급","A000100","유한양행","-2.46518958415853E-02","OK","18"
"2020-07-16","ALL","외국인수급","A000120","CJ대한통운",".337509849640034","OK","19"
"2020-07-16","ALL","외국인수급","A000140","하이트진로홀딩스","-7.34724676820429E-02","OK","20"
"2020-07-16","ALL","외국인수급","A000150","두산","-.518357967305583","OK","21"
"2020-07-16","ALL","외국인수급","A000210","DL",".001360266612256","OK","22"
"2020-07-16","ALL","외국인수급","A000240","한국앤컴퍼니","-2.36117355016516","OK","23"
"2020-07-16","ALL","외국인수급","A000250","삼천당제약","-.437846954618057","OK","24"
"2020-07-16","ALL","외국인수급","A000270","기아","-.132889743288708","OK","25"
"2020-07-16","ALL","외국인수급","A000370","한화손해보험","-9.22247446083996E-02","OK","26"
"2020-07-16","ALL","외국인수급","A000400","롯데손해보험","-5.84156176980478E-02","OK","27"
"2020-07-16","ALL","외국인수급","A000480","CR홀딩스","2.40054869684499E-02","OK","28"
"2020-07-16","ALL","외국인수급","A000640","동아쏘시오홀딩스","-.13985181658583","OK","29"
"2020-07-16","ALL","외국인수급","A000660","SK하이닉스","-.167778110192146","OK","30"
"2020-07-16","ALL","외국인수급","A000670","영풍",".257729132165692","OK","31"
"2020-07-16","ALL","외국인수급","A000720","현대건설",".800792960584241","OK","32"
"2020-07-16","ALL","외국인수급","A000810","삼성화재","-.232134534458807","OK","33"
"2020-07-16","ALL","외국인수급","A000880","한화","-.409113901534733","OK","34"
"2020-07-16","ALL","외국인수급","A000990","DB하이텍","1.44855385504826","OK","35"
"2020-07-16","ALL","외국인수급","A001040","CJ",".253426409016484","OK","36"
"2020-07-16","ALL","외국인수급","A001060","JW중외제약",".220979053511822","OK","37"
"2020-07-16","ALL","외국인수급","A001120","LX인터내셔널",".760605627767462","OK","38"
"2020-07-16","ALL","외국인수급","A001130","대한제분","-.567129192029944","OK","39"
"2020-07-16","ALL","외국인수급","A001200","유진투자증권","-.296886069970649","OK","40"
"2020-07-16","ALL","외국인수급","A001230","동국홀딩스",".14703893996755","OK","41"
"2020-07-16","ALL","외국인수급","A001430","세아베스틸지주",".371793905594493","OK","42"
"2020-07-16","ALL","외국인수급","A001440","대한전선","-5.09784574905443E-02","OK","43"
"2020-07-16","ALL","외국인수급","A001450","현대해상","-.891605632756876","OK","44"
"2020-07-16","ALL","외국인수급","A001500","현대차증권","-3.90457225410956E-02","OK","45"
"2020-07-16","ALL","외국인수급","A001510","SK증권",".962014863748968","OK","46"
"2020-07-16","ALL","외국인수급","A001520","동양",".140769540152835","OK","47"
"2020-07-16","ALL","외국인수급","A001630","종근당홀딩스","-.767481083757563","OK","48"
"2020-07-16","ALL","외국인수급","A001680","대상","-2.36482854993013E-02","OK","49"
"2020-07-16","ALL","외국인수급","A001720","신영증권","-.229694067051119","OK","50"
"2020-07-16","ALL","외국인수급","A001740","SK네트웍스","-.346698941943544","OK","51"
"2020-07-16","ALL","외국인수급","A001800","오리온홀딩스","-.59394012408891","OK","52"
"2020-07-16","ALL","외국인수급","A001820","삼화콘덴서","-.146898120778918","OK","53"
"2020-07-16","ALL","외국인수급","A002100","경농","-.124038700074423","OK","54"
"2020-07-16","ALL","외국인수급","A002150","도화엔지니어링","-3.21957501609787E-02","OK","55"
"2020-07-16","ALL","외국인수급","A002210","동성제약","-.105910977529698","OK","56"
"2020-07-16","ALL","외국인수급","A002240","고려제강",".120253164556962","OK","57"
"2020-07-16","ALL","외국인수급","A002310","아세아제지","-.254256024762326","OK","58"
"2020-07-16","ALL","외국인수급","A002320","한진","-.43488855980655","OK","59"
"2020-07-16","ALL","외국인수급","A002350","넥센타이어","-.524602026049204","OK","60"
"2020-07-16","ALL","외국인수급","A002380","KCC","-.475569410866522","OK","61"
"2020-07-16","ALL","외국인수급","A002390","한독","-1.23707628208425","OK","62"
"2020-07-16","ALL","외국인수급","A002620","제일파마홀딩스","-9.20640765973117E-03","OK","63"
"2020-07-16","ALL","외국인수급","A002780","진흥기업","-.126262626262626","OK","64"
"2020-07-16","ALL","외국인수급","A002790","아모레퍼시픽홀딩스","-1.56256194858472E-02","OK","65"
"2020-07-16","ALL","외국인수급","A002840","미원상사","-1.17150890346767E-02","OK","66"
"2020-07-16","ALL","외국인수급","A002960","한국쉘석유","-.285132382892057","OK","67"
"2020-07-16","ALL","외국인수급","A003000","부광약품","-1.08346270302259","OK","68"
"2020-07-16","ALL","외국인수급","A003060","에이프로젠바이오로직스",".637911984823532","OK","69"
"2020-07-16","ALL","외국인수급","A003090","대웅",".691458454386984","OK","70"
"2020-07-16","ALL","외국인수급","A003220","대원제약","-.320873677099752","OK","71"
"2020-07-16","ALL","외국인수급","A003230","삼양식품","-3.73066711618694","OK","72"
"2020-07-16","ALL","외국인수급","A003240","태광산업","-.208370756242141","OK","73"
"2020-07-16","ALL","외국인수급","A003300","한일홀딩스","1.76722157424098E-02","OK","74"
"2020-07-16","ALL","외국인수급","A003380","하림지주","-.155796548037269","OK","75"
"2020-07-16","ALL","외국인수급","A003470","유안타증권",".271609469627455","OK","76"
"2020-07-16","ALL","외국인수급","A003490","대한항공","-.635817166529645","OK","77"
"2020-07-16","ALL","외국인수급","A003520","영진약품","-7.81097441905878E-02","OK","78"
"2020-07-16","ALL","외국인수급","A003530","한화투자증권","-.163900839991805","OK","79"
"2020-07-16","ALL","외국인수급","A003540","대신증권","-7.95575822256719E-02","OK","80"
"2020-07-16","ALL","외국인수급","A003550","LG","-.162392454800767","OK","81"
"2020-07-16","ALL","외국인수급","A003620","KG모빌리티","2.25682690137666E-02","OK","82"
"2020-07-16","ALL","외국인수급","A003670","포스코퓨처엠","2.38322779606243E-02","OK","83"
"2020-07-16","ALL","외국인수급","A003690","코리안리","-1.1080667701009","OK","84"
"2020-07-16","ALL","외국인수급","A003800","에이스침대","-3.16388947479435E-02","OK","85"
"2020-07-16","ALL","외국인수급","A003850","보령","-.359811443759089","OK","86"
"2020-07-16","ALL","외국인수급","A004000","롯데정밀화학",".108284251219463","OK","87"
"2020-07-16","ALL","외국인수급","A004020","현대제철",".409270467761897","OK","88"
"2020-07-16","ALL","외국인수급","A004170","신세계","-.158764292217804","OK","89"
"2020-07-16","ALL","외국인수급","A004370","농심","-.412508439774693","OK","90"
"2020-07-16","ALL","외국인수급","A004430","송원산업",".594339622641509","OK","91"
"2020-07-16","ALL","외국인수급","A004490","세방전지","-.164920882549588","OK","92"
"2020-07-16","ALL","외국인수급","A004690","삼천리","-.99535747446611","OK","93"
"2020-07-16","ALL","외국인수급","A004700","조광피혁","-9.41944802034601E-03","OK","94"
"2020-07-16","ALL","외국인수급","A004800","효성","-.303531004563883","OK","95"
"2020-07-16","ALL","외국인수급","A004990","롯데지주","-.057353808373656","OK","96"
"2020-07-16","ALL","외국인수급","A005070","코스모신소재","-3.07991660875608","OK","97"
"2020-07-16","ALL","외국인수급","A005180","빙그레","-.29747757417772","OK","98"
"2020-07-16","ALL","외국인수급","A005250","녹십자홀딩스","-.108730917285585","OK","99"
"2020-07-16","ALL","외국인수급","A005290","동진쎄미켐",".402443475421173","OK","100"
"2020-07-16","ALL","외국인수급","A005300","롯데칠성","-.548528169541182","OK","101"
"2020-07-16","ALL","외국인수급","A005380","현대차","-.231287222210951","OK","102"
"2020-07-16","ALL","외국인수급","A005440","현대지에프홀딩스",".319457413869366","OK","103"
"2020-07-16","ALL","외국인수급","A005490","POSCO홀딩스",".711911830105221","OK","104"
"2020-07-16","ALL","외국인수급","A005500","삼진제약",".556552962298025","OK","105"
"2020-07-16","ALL","외국인수급","A005610","삼립","2.42516629711752E-02","OK","106"
"2020-07-16","ALL","외국인수급","A005690","파미셀","-.197068206598554","OK","107"
"2020-07-16","ALL","외국인수급","A005830","DB손해보험","-7.92942808999901E-02","OK","108"
"2020-07-16","ALL","외국인수급","A005850","에스엘","4.50985403105786E-03","OK","109"
"2020-07-16","ALL","외국인수급","A005880","대한해운","-.332696255397466","OK","110"
"2020-07-16","ALL","외국인수급","A005930","삼성전자",".33042931794022","OK","111"
"2020-07-16","ALL","외국인수급","A005940","NH투자증권",".286297980088623","OK","112"
"2020-07-16","ALL","외국인수급","A006040","동원산업","-.275653898444614","OK","113"
"2020-07-16","ALL","외국인수급","A006060","화승인더",".213937164971996","OK","114"
"2020-07-16","ALL","외국인수급","A006120","SK디스커버리",".681962102391738","OK","115"
"2020-07-16","ALL","외국인수급","A006260","LS","2.99735233876742E-02","OK","116"
"2020-07-16","ALL","외국인수급","A006280","녹십자","-6.01741185043695E-02","OK","117"
"2020-07-16","ALL","외국인수급","A006360","GS건설","8.93444935577918E-03","OK","118"
"2020-07-16","ALL","외국인수급","A006400","삼성SDI","-4.38978846247562E-02","OK","119"
"2020-07-16","ALL","외국인수급","A006650","대한유화","-.455019556714472","OK","120"
"2020-07-16","ALL","외국인수급","A006730","서부T&D","-.633675316837658","OK","121"
"2020-07-16","ALL","외국인수급","A006800","미래에셋증권","9.20004792162554E-02","OK","122"
"2020-07-16","ALL","외국인수급","A007070","GS리테일","2.04177266032936E-02","OK","123"
"2020-07-16","ALL","외국인수급","A007310","오뚜기","-2.16698288565072E-02","OK","124"
"2020-07-16","ALL","외국인수급","A007390","네이처셀","-.141688671346686","OK","125"
"2020-07-16","ALL","외국인수급","A007460","에이프로젠","8.74453466583385E-02","OK","126"
"2020-07-16","ALL","외국인수급","A007570","일양약품","-.672214114943956","OK","127"
"2020-07-16","ALL","외국인수급","A007700","F&F홀딩스","-.265491460136156","OK","128"
"2020-07-16","ALL","외국인수급","A007810","코리아써키트","-.462373801645881","OK","129"
"2020-07-16","ALL","외국인수급","A008350","남선알미늄","-.196357924133116","OK","130"
"2020-07-16","ALL","외국인수급","A008490","서흥","1.66577447491892","OK","131"
"2020-07-16","ALL","외국인수급","A008730","율촌화학","-.136686714051394","OK","132"
"2020-07-16","ALL","외국인수급","A008770","호텔신라","-2.98551143797601","OK","133"
"2020-07-16","ALL","외국인수급","A008930","한미사이언스","-5.97542501262414E-02","OK","134"
"2020-07-16","ALL","외국인수급","A009150","삼성전기",".632380519637266","OK","135"
"2020-07-16","ALL","외국인수급","A009240","한샘",".944370809293622","OK","136"
"2020-07-16","ALL","외국인수급","A009290","광동제약","1.01066248926171","OK","137"
"2020-07-16","ALL","외국인수급","A009410","태영건설","-4.20564758389838E-02","OK","138"
"2020-07-16","ALL","외국인수급","A009420","한올바이오파마","-.124987332364963","OK","139"
"2020-07-16","ALL","외국인수급","A009450","경동나비엔",".373324949895862","OK","140"
"2020-07-16","ALL","외국인수급","A009540","HD한국조선해양",".102955620628396","OK","141"
"2020-07-16","ALL","외국인수급","A009680","모토닉","-3.97156360459113E-02","OK","142"
"2020-07-16","ALL","외국인수급","A009830","한화솔루션","-1.31690277636028E-02","OK","143"
"2020-07-16","ALL","외국인수급","A009970","영원무역홀딩스","-7.27008360596147E-03","OK","144"
"2020-07-16","ALL","외국인수급","A010060","OCI홀딩스",".103344708427976","OK","145"
"2020-07-16","ALL","외국인수급","A010120","LS ELECTRIC","-.350588235294118","OK","146"
"2020-07-16","ALL","외국인수급","A010130","고려아연","2.85241847440497E-02","OK","147"
"2020-07-16","ALL","외국인수급","A010140","삼성중공업",".434341183171136","OK","148"
"2020-07-16","ALL","외국인수급","A010170","대한광통신","-3.94632991318074E-02","OK","149"
"2020-07-16","ALL","외국인수급","A010780","아이에스동서","-.153443546437692","OK","150"
"2020-07-16","ALL","외국인수급","A010950","S-Oil","-.295123174202119","OK","151"
"2020-07-16","ALL","외국인수급","A011000","진원생명과학",".573991031390135","OK","152"
"2020-07-16","ALL","외국인수급","A011040","경동제약","-2.92905375778304","OK","153"
"2020-07-16","ALL","외국인수급","A011070","LG이노텍",".871728525240741","OK","154"
"2020-07-16","ALL","외국인수급","A011170","롯데케미칼",".80786883008309","OK","155"
"2020-07-16","ALL","외국인수급","A011200","HMM","-.827595978591992","OK","156"
"2020-07-16","ALL","외국인수급","A011210","현대위아","-.542102640757349","OK","157"
"2020-07-16","ALL","외국인수급","A011780","금호석유화학","1.55711186226828","OK","158"
"2020-07-16","ALL","외국인수급","A011790","SKC","-.183047816002012","OK","159"
"2020-07-16","ALL","외국인수급","A012330","현대모비스","-.639199985757192","OK","160"
"2020-07-16","ALL","외국인수급","A012450","한화에어로스페이스","-.659122374044423","OK","161"
"2020-07-16","ALL","외국인수급","A012510","더존비즈온","-9.83705107069014E-02","OK","162"
"2020-07-16","ALL","외국인수급","A012610","경인양행","-1.09076879910213","OK","163"
"2020-07-16","ALL","외국인수급","A012630","HDC","4.99389634890689E-02","OK","164"
"2020-07-16","ALL","외국인수급","A012750","에스원",".224000379762233","OK","165"
"2020-07-16","ALL","외국인수급","A013120","동원개발","-1.37239988094844","OK","166"
"2020-07-16","ALL","외국인수급","A013890","지누스",".90001798237727","OK","167"
"2020-07-16","ALL","외국인수급","A014680","한솔케미칼","1.5818421135103","OK","168"
"2020-07-16","ALL","외국인수급","A014820","동원시스템즈","-8.65501125151463E-03","OK","169"
"2020-07-16","ALL","외국인수급","A014830","유니드",".851765723865664","OK","170"
"2020-07-16","ALL","외국인수급","A015760","한국전력","-1.71139974374204","OK","171"
"2020-07-16","ALL","외국인수급","A016360","삼성증권","2.02189871842727E-02","OK","172"
"2020-07-16","ALL","외국인수급","A016380","KG스틸","-4.34443808486136E-02","OK","173"
"2020-07-16","ALL","외국인수급","A016580","환인제약","-1.00049846898811","OK","174"
"2020-07-16","ALL","외국인수급","A016800","퍼시스","-.744001488002976","OK","175"
"2020-07-16","ALL","외국인수급","A017390","서울가스","0","OK","176"
"2020-07-16","ALL","외국인수급","A017670","SK텔레콤","-.414319871295372","OK","177"
"2020-07-16","ALL","외국인수급","A017800","현대엘리베이터","1.30198645934082E-02","OK","178"
"2020-07-16","ALL","외국인수급","A017810","풀무원","-.229145484619937","OK","179"
"2020-07-16","ALL","외국인수급","A017890","한국알콜",".189561481107039","OK","180"
"2020-07-16","ALL","외국인수급","A017960","한국카본",".215812651287585","OK","181"
"2020-07-16","ALL","외국인수급","A018250","애경산업","-1.27008319044897E-02","OK","182"
"2020-07-16","ALL","외국인수급","A018260","삼성에스디에스","9.87349185812816E-02","OK","183"
"2020-07-16","ALL","외국인수급","A018290","브이티","-.122541115769107","OK","184"
"2020-07-16","ALL","외국인수급","A018670","SK가스",".243060187037778","OK","185"
"2020-07-16","ALL","외국인수급","A018880","한온시스템","-4.43641664290015E-02","OK","186"
"2020-07-16","ALL","외국인수급","A019170","신풍제약","-1.07286171872209","OK","187"
"2020-07-16","ALL","외국인수급","A019680","대교","-.150715900527506","OK","188"
"2020-07-16","ALL","외국인수급","A020000","한섬",".2477536214704","OK","189"
"2020-07-16","ALL","외국인수급","A020150","롯데에너지머티리얼즈","-.27879868843008","OK","190"
"2020-07-16","ALL","외국인수급","A020560","아시아나항공","-.190312959088278","OK","191"
"2020-07-16","ALL","외국인수급","A021240","코웨이","-.151695358494289","OK","192"
"2020-07-16","ALL","외국인수급","A022100","포스코DX","-.680371430240028","OK","193"
"2020-07-16","ALL","외국인수급","A023410","유진기업","-.153154652904944","OK","194"
"2020-07-16","ALL","외국인수급","A023530","롯데쇼핑","1.64123454504137E-02","OK","195"
"2020-07-16","ALL","외국인수급","A023590","다우기술",".415316785618591","OK","196"
"2020-07-16","ALL","외국인수급","A023900","풍국주정","-.565808460545303","OK","197"
"2020-07-16","ALL","외국인수급","A024110","기업은행","-.559378558508865","OK","198"
"2020-07-16","ALL","외국인수급","A024720","콜마홀딩스","-.55474373545489","OK","199"
"2020-07-16","ALL","외국인수급","A025320","시노펙스","-.620636152055857","OK","200"
"2020-07-16","ALL","외국인수급","A025540","한국단자","-1.33539875006677E-02","OK","201"
"2020-07-16","ALL","외국인수급","A025770","한국정보통신","-.361735198530451","OK","202"
"2020-07-16","ALL","외국인수급","A025860","남해화학","-8.11666351018641E-03","OK","203"
"2020-07-16","ALL","외국인수급","A025900","동화기업","-.445006404151204","OK","204"
"2020-07-16","ALL","외국인수급","A025980","아난티",".485854169002504","OK","205"
"2020-07-16","ALL","외국인수급","A026890","스틱인베스트먼트","-.980505248586919","OK","206"
"2020-07-16","ALL","외국인수급","A026960","동서","-.174992530806612","OK","207"
"2020-07-16","ALL","외국인수급","A027410","BGF","-6.94014128144752E-02","OK","208"
"2020-07-16","ALL","외국인수급","A028050","삼성E&A",".986394557823129","OK","209"
"2020-07-16","ALL","외국인수급","A028260","삼성물산",".173858634676793","OK","210"
"2020-07-16","ALL","외국인수급","A028300","HLB","-.675047058568987","OK","211"
"2020-07-16","ALL","외국인수급","A028670","팬오션","2.56399522782929E-02","OK","212"
"2020-07-16","ALL","외국인수급","A029460","케이씨","-.715799576118687","OK","213"
"2020-07-16","ALL","외국인수급","A029780","삼성카드","-2.76562960621689E-02","OK","214"
"2020-07-16","ALL","외국인수급","A030000","제일기획","9.78225610250588E-02","OK","215"
"2020-07-16","ALL","외국인수급","A030190","NICE평가정보",".34107636520303","OK","216"
"2020-07-16","ALL","외국인수급","A030200","KT","-.435769008419038","OK","217"
"2020-07-16","ALL","외국인수급","A030520","한컴",".960643713394274","OK","218"
"2020-07-16","ALL","외국인수급","A030530","원익홀딩스",".283570119156737","OK","219"
"2020-07-16","ALL","외국인수급","A030610","교보증권","-.529661016949153","OK","220"
"2020-07-16","ALL","외국인수급","A031430","신세계인터내셔날","-6.03556339662937E-02","OK","221"
"2020-07-16","ALL","외국인수급","A032190","다우데이타",".209713950171965","OK","222"
"2020-07-16","ALL","외국인수급","A032350","롯데관광개발",".218448467018672","OK","223"
"2020-07-16","ALL","외국인수급","A032500","케이엠더블유","1.046996806209","OK","224"
"2020-07-16","ALL","외국인수급","A032620","GC메디아이","-.221831115022183","OK","225"
"2020-07-16","ALL","외국인수급","A032640","LG유플러스","-1.77943862837644","OK","226"
"2020-07-16","ALL","외국인수급","A032830","삼성생명","2.68370607028754E-02","OK","227"
"2020-07-16","ALL","외국인수급","A033270","유나이티드제약",".125163407782383","OK","228"
"2020-07-16","ALL","외국인수급","A033290","로젠","6.98934125458675E-02","OK","229"
"2020-07-16","ALL","외국인수급","A033640","네패스","-.2622187742436","OK","230"
"2020-07-16","ALL","외국인수급","A033780","KT&G","-.381733913209104","OK","231"
"2020-07-16","ALL","외국인수급","A034020","두산에너빌리티","-3.06823760432008E-02","OK","232"
"2020-07-16","ALL","외국인수급","A034120","SBS","-9.93114406779661E-03","OK","233"
"2020-07-16","ALL","외국인수급","A034220","LG디스플레이","-.331307745960769","OK","234"
"2020-07-16","ALL","외국인수급","A034230","파라다이스",".235057887984956","OK","235"
"2020-07-16","ALL","외국인수급","A034310","NICE","1.29246972653639","OK","236"
"2020-07-16","ALL","외국인수급","A034730","SK",".241520957047046","OK","237"
"2020-07-16","ALL","외국인수급","A034830","한국토지신탁","-8.18656518275954E-02","OK","238"
"2020-07-16","ALL","외국인수급","A034950","한국기업평가","-.208459214501511","OK","239"
"2020-07-16","ALL","외국인수급","A035250","강원랜드","-.240616073233764","OK","240"
"2020-07-16","ALL","외국인수급","A035420","NAVER","-1.68497835149334","OK","241"
"2020-07-16","ALL","외국인수급","A035600","KG이니시스","-.332709847218314","OK","242"
"2020-07-16","ALL","외국인수급","A035720","카카오",".244289409054357","OK","243"
"2020-07-16","ALL","외국인수급","A035760","CJ ENM",".399528317445657","OK","244"
"2020-07-16","ALL","외국인수급","A035810","이지홀딩스","-.31125539676696","OK","245"
"2020-07-16","ALL","외국인수급","A035900","JYP Ent.","1.16212921576595","OK","246"
"2020-07-16","ALL","외국인수급","A036220","오상헬스케어","0","OK","247"
"2020-07-16","ALL","외국인수급","A036420","콘텐트리중앙",".154999709375545","OK","248"
"2020-07-16","ALL","외국인수급","A036460","한국가스공사","-.134264539285728","OK","249"
"2020-07-16","ALL","외국인수급","A036540","SFA반도체","-.205379703506392","OK","250"
"2020-07-16","ALL","외국인수급","A036570","NC","-.838427529324922","OK","251"
"2020-07-16","ALL","외국인수급","A036580","팜스코","-.882701681963901","OK","252"
"2020-07-16","ALL","외국인수급","A036800","나이스정보통신","-.49721706864564","OK","253"
"2020-07-16","ALL","외국인수급","A036810","에프에스티",".595947556615018","OK","254"
"2020-07-16","ALL","외국인수급","A036830","솔브레인홀딩스",".954903806967495","OK","255"
"2020-07-16","ALL","외국인수급","A036930","주성엔지니어링","-1.68296388639994","OK","256"
"2020-07-16","ALL","외국인수급","A037560","LG헬로비전","-.10507880910683","OK","257"
"2020-07-16","ALL","외국인수급","A038290","마크로젠","-2.51570601629585","OK","258"
"2020-07-16","ALL","외국인수급","A038500","삼표시멘트","-.296952039444195","OK","259"
"2020-07-16","ALL","외국인수급","A038540","상상인","7.08301785408983E-02","OK","260"
"2020-07-16","ALL","외국인수급","A039030","이오테크닉스","-.901683418124664","OK","261"
"2020-07-16","ALL","외국인수급","A039130","하나투어","5.34045393858478E-03","OK","262"
"2020-07-16","ALL","외국인수급","A039200","오스코텍","-.170089382541295","OK","263"
"2020-07-16","ALL","외국인수급","A039440","에스티아이","-.467345241395699","OK","264"
"2020-07-16","ALL","외국인수급","A039490","키움증권","-.787962635487965","OK","265"
"2020-07-16","ALL","외국인수급","A039560","다산네트웍스",".771906014080923","OK","266"
"2020-07-16","ALL","외국인수급","A039840","디오","-.356308549045518","OK","267"
"2020-07-16","ALL","외국인수급","A039860","나노엔텍","-4.67683097932841E-02","OK","268"
"2020-07-16","ALL","외국인수급","A040350","크레오에스지","-.30556662681015","OK","269"
"2020-07-16","ALL","외국인수급","A040910","아이씨디","-1.28435653737478E-02","OK","270"
"2020-07-16","ALL","외국인수급","A041510","에스엠",".724254599281032","OK","271"
"2020-07-16","ALL","외국인수급","A041960","코미팜","-.720036380785556","OK","272"
"2020-07-16","ALL","외국인수급","A042000","카페24","-.370634637491576","OK","273"
"2020-07-16","ALL","외국인수급","A042660","한화오션","-.11440193212152","OK","274"
"2020-07-16","ALL","외국인수급","A042700","한미반도체","-.152435215033611","OK","275"
"2020-07-16","ALL","외국인수급","A043150","바텍","-.48216885007278","OK","276"
"2020-07-16","ALL","외국인수급","A044340","위닉스","-9.87329274312983E-02","OK","277"
"2020-07-16","ALL","외국인수급","A045390","대아티아이","-.743761380831474","OK","278"
"2020-07-16","ALL","외국인수급","A045520","크린앤사이언스","","BLANK","279"
"2020-07-16","ALL","외국인수급","A046440","KG파이낸셜","-.741283635221443","OK","280"
"2020-07-16","ALL","외국인수급","A046890","서울반도체",".769895314564488","OK","281"
"2020-07-16","ALL","외국인수급","A047040","대우건설","2.74601337700802E-02","OK","282"
"2020-07-16","ALL","외국인수급","A047050","포스코인터내셔널","4.45000105952406E-02","OK","283"
"2020-07-16","ALL","외국인수급","A047810","한국항공우주","-.235834596976249","OK","284"
"2020-07-16","ALL","외국인수급","A048410","현대바이오","-4.54576448394209E-03","OK","285"
"2020-07-16","ALL","외국인수급","A048530","인트론바이오","-1.28443566197838","OK","286"
"2020-07-16","ALL","외국인수급","A050890","쏠리드","1.53763358191743","OK","287"
"2020-07-16","ALL","외국인수급","A051370","인터플렉스","-.64960759744114","OK","288"
"2020-07-16","ALL","외국인수급","A051600","한전KPS","-.352791416621204","OK","289"
"2020-07-16","ALL","외국인수급","A051900","LG생활건강",".427706137711132","OK","290"
"2020-07-16","ALL","외국인수급","A051910","LG화학","-.564425228622148","OK","291"
"2020-07-16","ALL","외국인수급","A052020","에스티큐브","-.148344370860927","OK","292"
"2020-07-16","ALL","외국인수급","A052260","현대바이오랜드","-.578154425612053","OK","293"
"2020-07-16","ALL","외국인수급","A052690","한전기술","-.203772231550462","OK","294"
"2020-07-16","ALL","외국인수급","A052710","아모텍","-.778753094755796","OK","295"
"2020-07-16","ALL","외국인수급","A053030","바이넥스",".192190731054616","OK","296"
"2020-07-16","ALL","외국인수급","A053210","스카이라이프","-5.14416523058721E-03","OK","297"
"2020-07-16","ALL","외국인수급","A053580","웹케시","1.27276717138468","OK","298"
"2020-07-16","ALL","외국인수급","A053800","안랩","-1.92472198460222","OK","299"
"2020-07-16","ALL","외국인수급","A054780","키이스트","-1.04450926884351","OK","300"
"2020-07-16","ALL","외국인수급","A055550","신한지주","-.234278345454188","OK","301"
"2020-07-16","ALL","외국인수급","A056190","SFA","-.684607925206999","OK","302"
"2020-07-16","ALL","외국인수급","A057050","현대홈쇼핑",".210093896713615","OK","303"
"2020-07-16","ALL","외국인수급","A058470","리노공업",".689339100845665","OK","304"
"2020-07-16","ALL","외국인수급","A058650","세아홀딩스","-1.04456824512535E-02","OK","305"
"2020-07-16","ALL","외국인수급","A058820","CMG제약","1.02609706878271E-02","OK","306"
"2020-07-16","ALL","외국인수급","A059090","미코","2.88036014039371","OK","307"
"2020-07-16","ALL","외국인수급","A060150","인선이엔티","-.660453058453182","OK","308"
"2020-07-16","ALL","외국인수급","A060250","NHN KCP","4.24111835190246","OK","309"
"2020-07-16","ALL","외국인수급","A060570","드림어스컴퍼니","0","OK","310"
"2020-07-16","ALL","외국인수급","A060720","KH바텍",".308478759034021","OK","311"
"2020-07-16","ALL","외국인수급","A060980","HL홀딩스","-6.68449197860962E-02","OK","312"
"2020-07-16","ALL","외국인수급","A061040","알에프텍","2.60160016955439","OK","313"
"2020-07-16","ALL","외국인수급","A061970","LB세미콘","-.96430384029775","OK","314"
"2020-07-16","ALL","외국인수급","A063080","컴투스홀딩스","","BLANK","315"
"2020-07-16","ALL","외국인수급","A064260","다날","5.87245037779431E-02","OK","316"
"2020-07-16","ALL","외국인수급","A064350","현대로템","4.90845344760421E-02","OK","317"
"2020-07-16","ALL","외국인수급","A064550","바이오니아","-1.2961050211575","OK","318"
"2020-07-16","ALL","외국인수급","A064760","티씨케이",".248048516264896","OK","319"
"2020-07-16","ALL","외국인수급","A064960","SNT모티브","-.453169734151329","OK","320"
"2020-07-16","ALL","외국인수급","A065530","와이어블","-.129576839065566","OK","321"
"2020-07-16","ALL","외국인수급","A065660","안트로젠","1.00231426063363","OK","322"
"2020-07-16","ALL","외국인수급","A065680","우주일렉트로","-2.28778107024577","OK","323"
"2020-07-16","ALL","외국인수급","A066570","LG전자","1.08520840050085","OK","324"
"2020-07-16","ALL","외국인수급","A066700","테라젠이텍스",".732446318008168","OK","325"
"2020-07-16","ALL","외국인수급","A066970","엘앤에프","1.79886836767375","OK","326"
"2020-07-16","ALL","외국인수급","A067000","조이시티",".168586681652149","OK","327"
"2020-07-16","ALL","외국인수급","A067160","SOOP","-.501901140684411","OK","328"
"2020-07-16","ALL","외국인수급","A067630","HLB생명과학",".404241088992053","OK","329"
"2020-07-16","ALL","외국인수급","A068240","다원시스","-.323756480789694","OK","330"
"2020-07-16","ALL","외국인수급","A068270","셀트리온",".124858886733421","OK","331"
"2020-07-16","ALL","외국인수급","A068760","셀트리온제약","-.229469315149718","OK","332"
"2020-07-16","ALL","외국인수급","A069080","웹젠","-6.00518629725672E-02","OK","333"
"2020-07-16","ALL","외국인수급","A069260","TKG휴켐스","-.430037786926851","OK","334"
"2020-07-16","ALL","외국인수급","A069620","대웅제약",".101750964514351","OK","335"
"2020-07-16","ALL","외국인수급","A069960","현대백화점","-1.07250744600321","OK","336"
"2020-07-16","ALL","외국인수급","A071050","한국금융지주","-1.81314060724201","OK","337"
"2020-07-16","ALL","외국인수급","A071320","지역난방공사","-.271356259458331","OK","338"
"2020-07-16","ALL","외국인수급","A071840","롯데하이마트",".461439925470902","OK","339"
"2020-07-16","ALL","외국인수급","A072710","농심홀딩스","-.130677957242172","OK","340"
"2020-07-16","ALL","외국인수급","A073240","금호타이어","-4.54771856118847E-02","OK","341"
"2020-07-16","ALL","외국인수급","A073490","LIG아큐버",".841958135046091","OK","342"
"2020-07-16","ALL","외국인수급","A074600","원익QnC","-1.72324238442971","OK","343"
"2020-07-16","ALL","외국인수급","A077500","유니퀘스트","-.743884829125279","OK","344"
"2020-07-16","ALL","외국인수급","A078020","LS증권","-7.17929340638579E-02","OK","345"
"2020-07-16","ALL","외국인수급","A078070","유비쿼스홀딩스","-3.59172965207071E-02","OK","346"
"2020-07-16","ALL","외국인수급","A078130","국일제지","-6.09863526095383E-02","OK","347"
"2020-07-16","ALL","외국인수급","A078160","메디포스트","-1.37326761868655","OK","348"
"2020-07-16","ALL","외국인수급","A078340","컴투스",".146464609292775","OK","349"
"2020-07-16","ALL","외국인수급","A078590","휴림에이텍",".771407297096054","OK","350"
"2020-07-16","ALL","외국인수급","A078600","대주전자재료","-.388393361183245","OK","351"
"2020-07-16","ALL","외국인수급","A078930","GS","-8.48037820796367E-02","OK","352"
"2020-07-16","ALL","외국인수급","A079160","CJ CGV",".13144168579178","OK","353"
"2020-07-16","ALL","외국인수급","A079430","현대리바트","-2.72237734343837","OK","354"
"2020-07-16","ALL","외국인수급","A079550","LIG디펜스앤에어로스페이스",".516438173832025","OK","355"
"2020-07-16","ALL","외국인수급","A081000","일진다이아",".510963588815128","OK","356"
"2020-07-16","ALL","외국인수급","A081660","미스토홀딩스","1.70923459574487","OK","357"
"2020-07-16","ALL","외국인수급","A082270","젬백스",".10773590650397","OK","358"
"2020-07-16","ALL","외국인수급","A082640","동양생명","-.108762569259183","OK","359"
"2020-07-16","ALL","외국인수급","A082920","비츠로셀",".535492890870242","OK","360"
"2020-07-16","ALL","외국인수급","A083790","CG인바이츠","-.629006712421751","OK","361"
"2020-07-16","ALL","외국인수급","A084110","휴온스글로벌","-.427292273358191","OK","362"
"2020-07-16","ALL","외국인수급","A084370","유진테크","1.49165230603888","OK","363"
"2020-07-16","ALL","외국인수급","A084650","랩지노믹스","-1.73249886019812","OK","364"
"2020-07-16","ALL","외국인수급","A084680","이월드","-.146348602370847","OK","365"
"2020-07-16","ALL","외국인수급","A084690","대상홀딩스","-.106077196824528","OK","366"
"2020-07-16","ALL","외국인수급","A084850","아이티엠반도체",".15089607463499","OK","367"
"2020-07-16","ALL","외국인수급","A084990","헬릭스미스",".232520077431443","OK","368"
"2020-07-16","ALL","외국인수급","A085620","미래에셋생명","-.145424714743829","OK","369"
"2020-07-16","ALL","외국인수급","A085660","차바이오텍",".218559716977923","OK","370"
"2020-07-16","ALL","외국인수급","A086280","현대글로비스","-.260714285714286","OK","371"
"2020-07-16","ALL","외국인수급","A086390","유니테스트",".374899905365072","OK","372"
"2020-07-16","ALL","외국인수급","A086450","동국제약","-.670338622839331","OK","373"
"2020-07-16","ALL","외국인수급","A086520","에코프로",".136467687973235","OK","374"
"2020-07-16","ALL","외국인수급","A086790","하나금융지주","-.350035442242998","OK","375"
"2020-07-16","ALL","외국인수급","A086900","메디톡스","-2.03183889295157","OK","376"
"2020-07-16","ALL","외국인수급","A087010","펩트론",".418174268936473","OK","377"
"2020-07-16","ALL","외국인수급","A088350","한화생명","-4.69946896000752E-02","OK","378"
"2020-07-16","ALL","외국인수급","A088800","에이스테크","-.761165738656557","OK","379"
"2020-07-16","ALL","외국인수급","A089030","테크윙","-.710588379429692","OK","380"
"2020-07-16","ALL","외국인수급","A089590","제주항공","-.607889992873014","OK","381"
"2020-07-16","ALL","외국인수급","A089600","KT나스미디어",".65161562344283","OK","382"
"2020-07-16","ALL","외국인수급","A089970","브이엠","1.48173525759068","OK","383"
"2020-07-16","ALL","외국인수급","A089980","상아프론테크","-.404335373729432","OK","384"
"2020-07-16","ALL","외국인수급","A090430","아모레퍼시픽",".444351396066096","OK","385"
"2020-07-16","ALL","외국인수급","A090460","비에이치","-.25068760027504","OK","386"
"2020-07-16","ALL","외국인수급","A091700","파트론","-.443318556048132","OK","387"
"2020-07-16","ALL","외국인수급","A092040","아미코젠","-.896299469469799","OK","388"
"2020-07-16","ALL","외국인수급","A092130","이크레더블","","BLANK","389"
"2020-07-16","ALL","외국인수급","A092190","서울바이오시스",".479363015924602","OK","390"
"2020-07-16","ALL","외국인수급","A092730","네오팜",".253547909990492","OK","391"
"2020-07-16","ALL","외국인수급","A093050","LF","-.535633455715938","OK","392"
"2020-07-16","ALL","외국인수급","A093320","케이아이엔엑스",".876306033029997","OK","393"
"2020-07-16","ALL","외국인수급","A093370","후성","4.05443758193343E-03","OK","394"
"2020-07-16","ALL","외국인수급","A094280","효성ITX","9.20428919876663E-02","OK","395"
"2020-07-16","ALL","외국인수급","A095340","ISC","-1.43300131554219","OK","396"
"2020-07-16","ALL","외국인수급","A095610","테스","-1.3120322961796","OK","397"
"2020-07-16","ALL","외국인수급","A095660","네오위즈","3.08438745451395","OK","398"
"2020-07-16","ALL","외국인수급","A095700","제넥신","-8.14909976415547E-03","OK","399"
"2020-07-16","ALL","외국인수급","A095720","웅진씽크빅",".508133796380917","OK","400"
"2020-07-16","ALL","외국인수급","A096530","씨젠","3.96965396052987","OK","401"
"2020-07-16","ALL","외국인수급","A096760","JW홀딩스","2.64005491314219E-02","OK","402"
"2020-07-16","ALL","외국인수급","A096770","SK이노베이션","-.306157308043638","OK","403"
"2020-07-16","ALL","외국인수급","A097230","HJ중공업",".119488588839766","OK","404"
"2020-07-16","ALL","외국인수급","A097520","엠씨넥스","-.816807162482944","OK","405"
"2020-07-16","ALL","외국인수급","A097780","에코볼트","-.180542209021286","OK","406"
"2020-07-16","ALL","외국인수급","A097950","CJ제일제당",".834035765822498","OK","407"
"2020-07-16","ALL","외국인수급","A098460","고영","1.01351595925666E-02","OK","408"
"2020-07-16","ALL","외국인수급","A099190","아이센스","-1.62977807904276","OK","409"
"2020-07-16","ALL","외국인수급","A100120","뷰웍스",".273427790206314","OK","410"
"2020-07-16","ALL","외국인수급","A100130","동국S&C","-1.27949561911826","OK","411"
"2020-07-16","ALL","외국인수급","A101490","에스앤에스텍",".821378431151059","OK","412"
"2020-07-16","ALL","외국인수급","A102460","이연제약","-.149531346876254","OK","413"
"2020-07-16","ALL","외국인수급","A102710","이엔에프테크놀로지","1.87778485041375","OK","414"
"2020-07-16","ALL","외국인수급","A102940","코오롱생명과학","-.348574450694745","OK","415"
"2020-07-16","ALL","외국인수급","A103140","풍산",".901903655083234","OK","416"
"2020-07-16","ALL","외국인수급","A104830","원익머트리얼즈",".835959983554886","OK","417"
"2020-07-16","ALL","외국인수급","A105560","KB금융",".173399423618699","OK","418"
"2020-07-16","ALL","외국인수급","A105630","한세실업","1.09649122807018E-02","OK","419"
"2020-07-16","ALL","외국인수급","A108230","톱텍","-1.61254475861217","OK","420"
"2020-07-16","ALL","외국인수급","A108320","LX세미콘","-.657250962228456","OK","421"
"2020-07-16","ALL","외국인수급","A108670","LX하우시스",".861196441571817","OK","422"
"2020-07-16","ALL","외국인수급","A109820","진매트릭스",".129610817248748","OK","423"
"2020-07-16","ALL","외국인수급","A110790","크리스에프앤씨","-7.27366079068971E-02","OK","424"
"2020-07-16","ALL","외국인수급","A111710","남화산업","-.302137912571232","OK","425"
"2020-07-16","ALL","외국인수급","A111770","영원무역",".39687789390131","OK","426"
"2020-07-16","ALL","외국인수급","A112040","위메이드","-.23698437384285","OK","427"
"2020-07-16","ALL","외국인수급","A112610","씨에스윈드","4.72822631913541","OK","428"
"2020-07-16","ALL","외국인수급","A114090","GKL",".278932088575169","OK","429"
"2020-07-16","ALL","외국인수급","A115450","HLB테라퓨틱스","-.238603889798296","OK","430"
"2020-07-16","ALL","외국인수급","A119610","인터로조","-.72136739987918","OK","431"
"2020-07-16","ALL","외국인수급","A120110","코오롱인더","-.263124778345975","OK","432"
"2020-07-16","ALL","외국인수급","A121600","나노신소재","-.624531601299026","OK","433"
"2020-07-16","ALL","외국인수급","A122870","와이지엔터테인먼트",".54653889473587","OK","434"
"2020-07-16","ALL","외국인수급","A122900","아이마켓코리아","-.241785903550609","OK","435"
"2020-07-16","ALL","외국인수급","A122990","와이솔","-.855274190843535","OK","436"
"2020-07-16","ALL","외국인수급","A123420","위메이드플레이","","BLANK","437"
"2020-07-16","ALL","외국인수급","A123890","한국자산신탁",".21901124435779","OK","438"
"2020-07-16","ALL","외국인수급","A126560","현대퓨처넷","-.266195279193096","OK","439"
"2020-07-16","ALL","외국인수급","A128940","한미약품","-.473675372365874","OK","440"
"2020-07-16","ALL","외국인수급","A131290","티에스이","8.72515753756665E-02","OK","441"
"2020-07-16","ALL","외국인수급","A131370","알서포트","-1.04576151597621","OK","442"
"2020-07-16","ALL","외국인수급","A131970","두산테스나","-.665155327470666","OK","443"
"2020-07-16","ALL","외국인수급","A136480","하림","-.10051934997487","OK","444"
"2020-07-16","ALL","외국인수급","A137400","피엔티","-.74729358539344","OK","445"
"2020-07-16","ALL","외국인수급","A138040","메리츠금융지주","6.11890068725702E-02","OK","446"
"2020-07-16","ALL","외국인수급","A138080","오이솔루션","2.23122776429564","OK","447"
"2020-07-16","ALL","외국인수급","A138930","BNK금융지주","-.28162403191739","OK","448"
"2020-07-16","ALL","외국인수급","A139130","iM금융지주","-.193446720643373","OK","449"
"2020-07-16","ALL","외국인수급","A139480","이마트","-3.18874500562813E-03","OK","450"
"2020-07-16","ALL","외국인수급","A140410","메지온","-.648818710673157","OK","451"
"2020-07-16","ALL","외국인수급","A140860","파크시스템스","-.527728085867621","OK","452"
"2020-07-16","ALL","외국인수급","A141080","리가켐바이오",".245068336363024","OK","453"
"2020-07-16","ALL","외국인수급","A143160","아이디스",".394917035574381","OK","454"
"2020-07-16","ALL","외국인수급","A143240","사람인",".932417523755294","OK","455"
"2020-07-16","ALL","외국인수급","A144510","지씨셀",".122617322483558","OK","456"
"2020-07-16","ALL","외국인수급","A144960","뉴파워프라즈마","2.14648107193964","OK","457"
"2020-07-16","ALL","외국인수급","A145020","휴젤","-2.5570109949776","OK","458"
"2020-07-16","ALL","외국인수급","A145720","덴티움",".434733386165516","OK","459"
"2020-07-16","ALL","외국인수급","A145990","삼양사",".305350469419378","OK","460"
"2020-07-16","ALL","외국인수급","A148150","세경하이테크","-2.58331180573495E-02","OK","461"
"2020-07-16","ALL","외국인수급","A153710","옵티팜","-.184405692523552","OK","462"
"2020-07-16","ALL","외국인수급","A161390","한국타이어앤테크놀로지",".15418902187371","OK","463"
"2020-07-16","ALL","외국인수급","A161890","한국콜마","-.111801115978412","OK","464"
"2020-07-16","ALL","외국인수급","A166090","하나머티리얼즈","1.36552132701422","OK","465"
"2020-07-16","ALL","외국인수급","A166480","코아스템켐온","","BLANK","466"
"2020-07-16","ALL","외국인수급","A170900","동아에스티","-.283671704065537","OK","467"
"2020-07-16","ALL","외국인수급","A174900","앱클론","","BLANK","468"
"2020-07-16","ALL","외국인수급","A175250","아이큐어","-.790105071564491","OK","469"
"2020-07-16","ALL","외국인수급","A175330","JB금융지주","3.50819266168641E-02","OK","470"
"2020-07-16","ALL","외국인수급","A178320","서진시스템","1.01170853700125","OK","471"
"2020-07-16","ALL","외국인수급","A178920","PI첨단소재","-.198101847655795","OK","472"
"2020-07-16","ALL","외국인수급","A180640","한진칼",".223876900095648","OK","473"
"2020-07-16","ALL","외국인수급","A181710","NHN",".295365317061905","OK","474"
"2020-07-16","ALL","외국인수급","A182400","엔케이젠바이오텍코리아","-1.69749864283626","OK","475"
"2020-07-16","ALL","외국인수급","A183300","코미코","5.16539440203562","OK","476"
"2020-07-16","ALL","외국인수급","A183490","엔지켐생명과학",".234559184308469","OK","477"
"2020-07-16","ALL","외국인수급","A185750","종근당",".280672676241332","OK","478"
"2020-07-16","ALL","외국인수급","A191420","테고사이언스","-.844628564533644","OK","479"
"2020-07-16","ALL","외국인수급","A192080","더블유게임즈","1.02625934078259","OK","480"
"2020-07-16","ALL","외국인수급","A192400","쿠쿠홀딩스","-1.71253403661398E-03","OK","481"
"2020-07-16","ALL","외국인수급","A192440","슈피겐코리아",".878559260160623","OK","482"
"2020-07-16","ALL","외국인수급","A192650","드림텍",".122650635710337","OK","483"
"2020-07-16","ALL","외국인수급","A192820","코스맥스",".121295162793832","OK","484"
"2020-07-16","ALL","외국인수급","A194700","노바렉스","-1.07583037392939","OK","485"
"2020-07-16","ALL","외국인수급","A195870","해성디에스",".706658901184236","OK","486"
"2020-07-16","ALL","외국인수급","A196170","알테오젠","1.32827208302083","OK","487"
"2020-07-16","ALL","외국인수급","A199800","툴젠",".126227762218453","OK","488"
"2020-07-16","ALL","외국인수급","A200130","콜마비앤에이치",".84521797100069","OK","489"
"2020-07-16","ALL","외국인수급","A200230","텔콘RF제약","-.327709673504066","OK","490"
"2020-07-16","ALL","외국인수급","A200670","휴메딕스","","BLANK","491"
"2020-07-16","ALL","외국인수급","A200710","에이디테크놀로지","-1.16335238708639","OK","492"
"2020-07-16","ALL","외국인수급","A204270","제이앤티씨","1.52835132873273","OK","493"
"2020-07-16","ALL","외국인수급","A204320","HL만도","1.5885382850712","OK","494"
"2020-07-16","ALL","외국인수급","A205470","휴마시스","-3.46983212755496","OK","495"
"2020-07-16","ALL","외국인수급","A206640","바디텍메드",".132469226379718","OK","496"
"2020-07-16","ALL","외국인수급","A207760","미스터블루","-.346961740435109","OK","497"
"2020-07-16","ALL","외국인수급","A207940","삼성바이오로직스","-.580835679529623","OK","498"
"2020-07-16","ALL","외국인수급","A210980","SK디앤디",".120474904300177","OK","499"
"2020-07-16","ALL","외국인수급","A213420","덕산네오룩스","-.113588886567788","OK","500"
"2020-07-16","ALL","외국인수급","A213500","한솔제지","-.197720400093045","OK","501"
"2020-07-16","ALL","외국인수급","A214150","클래시스",".104686985912123","OK","502"
"2020-07-16","ALL","외국인수급","A214320","이노션","4.71794871794872E-02","OK","503"
"2020-07-16","ALL","외국인수급","A214370","케어젠","-.422359076001038","OK","504"
"2020-07-16","ALL","외국인수급","A214450","파마리서치",".408953549391093","OK","505"
"2020-07-16","ALL","외국인수급","A214610","롤링스톤","2.36560411615116E-02","OK","506"
"2020-07-16","ALL","외국인수급","A215000","골프존",".743045142230478","OK","507"
"2020-07-16","ALL","외국인수급","A215200","메가스터디교육","-1.2535048655781","OK","508"
"2020-07-16","ALL","외국인수급","A215600","신라젠","0","OK","509"
"2020-07-16","ALL","외국인수급","A216050","인크로스","1.67271338552606","OK","510"
"2020-07-16","ALL","외국인수급","A216080","제테마",".108584706929876","OK","511"
"2020-07-16","ALL","외국인수급","A218410","RFHIC",".828708657890153","OK","512"
"2020-07-16","ALL","외국인수급","A222080","SFA넥셀","-.553447735737408","OK","513"
"2020-07-16","ALL","외국인수급","A222800","심텍","-1.10609083440911","OK","514"
"2020-07-16","ALL","외국인수급","A225570","넥슨게임즈",".518682163096725","OK","515"
"2020-07-16","ALL","외국인수급","A226320","잇츠한불","-.243869846996726","OK","516"
"2020-07-16","ALL","외국인수급","A226950","올릭스",".586887612591407","OK","517"
"2020-07-16","ALL","외국인수급","A228670","레이",".551385105958945","OK","518"
"2020-07-16","ALL","외국인수급","A228760","지노믹트리","-.240166515450712","OK","519"
"2020-07-16","ALL","외국인수급","A230240","에치에프알","-.159869936322991","OK","520"
"2020-07-16","ALL","외국인수급","A230360","에코마케팅","-.504719768723346","OK","521"
"2020-07-16","ALL","외국인수급","A232140","와이씨","-.289487049263586","OK","522"
"2020-07-16","ALL","외국인수급","A234080","JW생명과학","-.071301247771836","OK","523"
"2020-07-16","ALL","외국인수급","A234340","헥토파이낸셜",".441628264208909","OK","524"
"2020-07-16","ALL","외국인수급","A235980","메드팩토","1.03817158859036","OK","525"
"2020-07-16","ALL","외국인수급","A236200","슈프리마","-.710624417520969","OK","526"
"2020-07-16","ALL","외국인수급","A237690","에스티팜","-6.50508046784539","OK","527"
"2020-07-16","ALL","외국인수급","A237880","클리오","-1.40248580635262","OK","528"
"2020-07-16","ALL","외국인수급","A239610","에이치엘사이언스","-.383877159309021","OK","529"
"2020-07-16","ALL","외국인수급","A240810","원익IPS","1.0029441458652","OK","530"
"2020-07-16","ALL","외국인수급","A241560","두산밥캣","-.288285200102837","OK","531"
"2020-07-16","ALL","외국인수급","A241590","화승엔터프라이즈",".245498113059716","OK","532"
"2020-07-16","ALL","외국인수급","A243070","휴온스","-.550124592677784","OK","533"
"2020-07-16","ALL","외국인수급","A243840","신흥에스이씨","1.52085472035284E-02","OK","534"
"2020-07-16","ALL","외국인수급","A244460","올리패스","2.89582277564613E-02","OK","535"
"2020-07-16","ALL","외국인수급","A245620","EDGC","-6.67654238561205E-02","OK","536"
"2020-07-16","ALL","외국인수급","A247540","에코프로비엠","-.618192405406591","OK","537"
"2020-07-16","ALL","외국인수급","A249420","일동제약",".197851893725269","OK","538"
"2020-07-16","ALL","외국인수급","A251270","넷마블",".727962942692765","OK","539"
"2020-07-16","ALL","외국인수급","A253450","스튜디오드래곤",".136891617744744","OK","540"
"2020-07-16","ALL","외국인수급","A253840","수젠텍","-.285040837581538","OK","541"
"2020-07-16","ALL","외국인수급","A263050","유틸렉스",".253650631484385","OK","542"
"2020-07-16","ALL","외국인수급","A263690","디알젬","","BLANK","543"
"2020-07-16","ALL","외국인수급","A263720","디앤씨미디어",".466400736422215","OK","544"
"2020-07-16","ALL","외국인수급","A263750","펄어비스",".73308957952468","OK","545"
"2020-07-16","ALL","외국인수급","A265520","AP시스템",".25710783580974","OK","546"
"2020-07-16","ALL","외국인수급","A267250","HD현대",".295464867946773","OK","547"
"2020-07-16","ALL","외국인수급","A267260","HD현대일렉트릭",".648678490097302","OK","548"
"2020-07-16","ALL","외국인수급","A267270","HD건설기계",".125278095772944","OK","549"
"2020-07-16","ALL","외국인수급","A267980","매일유업","-9.84092945375497E-02","OK","550"
"2020-07-16","ALL","외국인수급","A268280","미원에스씨","-3.24715873610591E-02","OK","551"
"2020-07-16","ALL","외국인수급","A270870","뉴트리",".158591705653794","OK","552"
"2020-07-16","ALL","외국인수급","A271560","오리온",".484658637663677","OK","553"
"2020-07-16","ALL","외국인수급","A271980","제일약품",".373013735523835","OK","554"
"2020-07-16","ALL","외국인수급","A272210","한화시스템",".476445135884097","OK","555"
"2020-07-16","ALL","외국인수급","A272290","이녹스첨단소재","1.61440769175576","OK","556"
"2020-07-16","ALL","외국인수급","A272450","진에어","-6.36363636363636E-02","OK","557"
"2020-07-16","ALL","외국인수급","A272550","삼양패키징","-4.57718274402105E-02","OK","558"
"2020-07-16","ALL","외국인수급","A278280","천보","-.828602620087336","OK","559"
"2020-07-16","ALL","외국인수급","A280360","롯데웰푸드","-.342983828899322","OK","560"
"2020-07-16","ALL","외국인수급","A281820","케이씨텍","-1.10762320394048","OK","561"
"2020-07-16","ALL","외국인수급","A282330","BGF리테일","-4.70218794849673E-02","OK","562"
"2020-07-16","ALL","외국인수급","A284620","카이노스메드",".237535277516463","OK","563"
"2020-07-16","ALL","외국인수급","A284740","쿠쿠홈시스","-.284478834774693","OK","564"
"2020-07-16","ALL","외국인수급","A285130","SK케미칼","3.72103522221161","OK","565"
"2020-07-16","ALL","외국인수급","A286940","롯데이노베이트","-8.20616684708594E-02","OK","566"
"2020-07-16","ALL","외국인수급","A288330","파라택시스코리아","1.24676460938354","OK","567"
"2020-07-16","ALL","외국인수급","A288620","에스프리즘",".611021443394051","OK","568"
"2020-07-16","ALL","외국인수급","A290650","엘앤씨바이오","6.63594470046083E-02","OK","569"
"2020-07-16","ALL","외국인수급","A293480","하나제약","-.176727511424171","OK","570"
"2020-07-16","ALL","외국인수급","A293780","압타바이오","4.14970044349924E-02","OK","571"
"2020-07-16","ALL","외국인수급","A294140","레몬",".012801053343818","OK","572"
"2020-07-16","ALL","외국인수급","A294870","IPARK현대산업개발","-.388545439485554","OK","573"
"2020-07-16","ALL","외국인수급","A298000","효성화학",".397350993377483","OK","574"
"2020-07-16","ALL","외국인수급","A298020","효성티앤씨","-1.87101240481224E-03","OK","575"
"2020-07-16","ALL","외국인수급","A298040","효성중공업",".631095811818703","OK","576"
"2020-07-16","ALL","외국인수급","A298050","HS효성첨단소재","-.789354497810943","OK","577"
"2020-07-16","ALL","외국인수급","A298060","풍전약품","","ERROR","578"
"2020-07-16","ALL","외국인수급","A298380","에이비엘바이오","1.65953483525144","OK","579"
"2020-07-16","ALL","외국인수급","A299660","셀리드","-.173605083156835","OK","580"
"2020-07-16","ALL","외국인수급","A300120","라온피플","-3.27582441581131E-02","OK","581"
"2020-07-16","ALL","외국인수급","A300720","한일시멘트","-8.99985484105095E-02","OK","582"
"2020-07-16","ALL","외국인수급","A307950","현대오토에버","-7.21500721500721E-02","OK","583"
"2020-07-16","ALL","외국인수급","A308170","씨티알모빌리티","0","OK","584"
"2020-07-16","ALL","외국인수급","A314130","지놈앤컴퍼니","0","OK","585"
"2020-07-16","ALL","외국인수급","A316140","우리금융지주","-.357718521430111","OK","586"
"2020-07-16","ALL","외국인수급","A317330","덕산테코피아","-5.16195638146858E-02","OK","587"
"2020-07-16","ALL","외국인수급","A319660","피에스케이","-.344849012054182","OK","588"
"2020-07-16","ALL","외국인수급","A321550","티움바이오",".147333267851881","OK","589"
"2020-07-16","ALL","외국인수급","A322000","HD현대에너지솔루션",".258310871518419","OK","590"
"2020-07-16","ALL","외국인수급","A326030","SK바이오팜","","ERROR","591"
"2020-07-16","ALL","외국인수급","A336260","두산퓨얼셀","-.776658912830558","OK","592"
"2020-07-16","ALL","외국인수급","A336370","솔루스첨단소재","-.196062545572389","OK","593"
"2020-07-16","ALL","외국인수급","A344820","KCC글라스","-.685932756100304","OK","594"
"2020-07-16","ALL","외국인수급","A353200","대덕전자","-1.09193819028776","OK","595"
"2020-07-16","ALL","외국인수급","A950160","코오롱티슈진","0","OK","596"
"2020-07-16","ALL","외국인수급","A950200","소마젠","","ERROR","597"
