Date,Universe,Factor,StockCode,StockName,FactorValue,ValueStatus,SourceRow
"2023-03-23","ALL","PBR(12MF)","A000050","경방","","BLANK","14"
"2023-03-23","ALL","PBR(12MF)","A000070","삼양홀딩스","","BLANK","15"
"2023-03-23","ALL","PBR(12MF)","A000080","하이트진로","1.17047132047442","OK","16"
"2023-03-23","ALL","PBR(12MF)","A000100","유한양행","1.88793268430998","OK","17"
"2023-03-23","ALL","PBR(12MF)","A000120","CJ대한통운",".412871986475059","OK","18"
"2023-03-23","ALL","PBR(12MF)","A000150","두산",".135031655879898","OK","19"
"2023-03-23","ALL","PBR(12MF)","A000210","DL",".193317253635503","OK","20"
"2023-03-23","ALL","PBR(12MF)","A000240","한국앤컴퍼니","","BLANK","21"
"2023-03-23","ALL","PBR(12MF)","A000250","삼천당제약","","BLANK","22"
"2023-03-23","ALL","PBR(12MF)","A000270","기아",".687785219198982","OK","23"
"2023-03-23","ALL","PBR(12MF)","A000370","한화손해보험","1.34666900097491","OK","24"
"2023-03-23","ALL","PBR(12MF)","A000400","롯데손해보험","","BLANK","25"
"2023-03-23","ALL","PBR(12MF)","A000480","CR홀딩스","","BLANK","26"
"2023-03-23","ALL","PBR(12MF)","A000490","대동","","BLANK","27"
"2023-03-23","ALL","PBR(12MF)","A000640","동아쏘시오홀딩스",".529844935148273","OK","28"
"2023-03-23","ALL","PBR(12MF)","A000660","SK하이닉스","1.02118921952239","OK","29"
"2023-03-23","ALL","PBR(12MF)","A000670","영풍",".22567519897796","OK","30"
"2023-03-23","ALL","PBR(12MF)","A000720","현대건설",".366305708805179","OK","31"
"2023-03-23","ALL","PBR(12MF)","A000810","삼성화재",".853330848492758","OK","32"
"2023-03-23","ALL","PBR(12MF)","A000880","한화",".119013368886621","OK","33"
"2023-03-23","ALL","PBR(12MF)","A000990","DB하이텍","1.09649728457664","OK","34"
"2023-03-23","ALL","PBR(12MF)","A001040","CJ",".15425292318555","OK","35"
"2023-03-23","ALL","PBR(12MF)","A001060","JW중외제약","1.71839515515346","OK","36"
"2023-03-23","ALL","PBR(12MF)","A001070","대한방직","","BLANK","37"
"2023-03-23","ALL","PBR(12MF)","A001120","LX인터내셔널",".307021887672398","OK","38"
"2023-03-23","ALL","PBR(12MF)","A001230","동국홀딩스",".271516449302427","OK","39"
"2023-03-23","ALL","PBR(12MF)","A001390","KG케미칼","","BLANK","40"
"2023-03-23","ALL","PBR(12MF)","A001430","세아베스틸지주",".393404204134926","OK","41"
"2023-03-23","ALL","PBR(12MF)","A001440","대한전선","","BLANK","42"
"2023-03-23","ALL","PBR(12MF)","A001450","현대해상",".639733154323143","OK","43"
"2023-03-23","ALL","PBR(12MF)","A001460","BYC","","BLANK","44"
"2023-03-23","ALL","PBR(12MF)","A001500","현대차증권","","BLANK","45"
"2023-03-23","ALL","PBR(12MF)","A001510","SK증권","","BLANK","46"
"2023-03-23","ALL","PBR(12MF)","A001520","동양","","BLANK","47"
"2023-03-23","ALL","PBR(12MF)","A001530","DI동일",".993520455356869","OK","48"
"2023-03-23","ALL","PBR(12MF)","A001570","금양","","BLANK","49"
"2023-03-23","ALL","PBR(12MF)","A001630","종근당홀딩스","","BLANK","50"
"2023-03-23","ALL","PBR(12MF)","A001680","대상",".458415768291874","OK","51"
"2023-03-23","ALL","PBR(12MF)","A001720","신영증권","","BLANK","52"
"2023-03-23","ALL","PBR(12MF)","A001740","SK네트웍스",".398133644035424","OK","53"
"2023-03-23","ALL","PBR(12MF)","A001780","알루코","","BLANK","54"
"2023-03-23","ALL","PBR(12MF)","A001800","오리온홀딩스","","BLANK","55"
"2023-03-23","ALL","PBR(12MF)","A001820","삼화콘덴서","1.90821505035287","OK","56"
"2023-03-23","ALL","PBR(12MF)","A001940","KISCO홀딩스","","BLANK","57"
"2023-03-23","ALL","PBR(12MF)","A002020","코오롱","","BLANK","58"
"2023-03-23","ALL","PBR(12MF)","A002030","아세아","","BLANK","59"
"2023-03-23","ALL","PBR(12MF)","A002150","도화엔지니어링","","BLANK","60"
"2023-03-23","ALL","PBR(12MF)","A002240","고려제강","","BLANK","61"
"2023-03-23","ALL","PBR(12MF)","A002310","아세아제지","","BLANK","62"
"2023-03-23","ALL","PBR(12MF)","A002320","한진",".202897206087538","OK","63"
"2023-03-23","ALL","PBR(12MF)","A002350","넥센타이어",".427222561417118","OK","64"
"2023-03-23","ALL","PBR(12MF)","A002380","KCC",".3363564856997","OK","65"
"2023-03-23","ALL","PBR(12MF)","A002710","TCC스틸","2.43924406050657","OK","66"
"2023-03-23","ALL","PBR(12MF)","A002790","아모레퍼시픽홀딩스",".462035191189538","OK","67"
"2023-03-23","ALL","PBR(12MF)","A002840","미원상사","","BLANK","68"
"2023-03-23","ALL","PBR(12MF)","A002900","TYM",".719592052832502","OK","69"
"2023-03-23","ALL","PBR(12MF)","A002960","한국쉘석유","","BLANK","70"
"2023-03-23","ALL","PBR(12MF)","A003000","부광약품","","BLANK","71"
"2023-03-23","ALL","PBR(12MF)","A003030","세아제강지주",".242577893181993","OK","72"
"2023-03-23","ALL","PBR(12MF)","A003070","코오롱글로벌",".325442982406772","OK","73"
"2023-03-23","ALL","PBR(12MF)","A003090","대웅","","BLANK","74"
"2023-03-23","ALL","PBR(12MF)","A003100","선광","","BLANK","75"
"2023-03-23","ALL","PBR(12MF)","A003120","일성아이에스","","BLANK","76"
"2023-03-23","ALL","PBR(12MF)","A003200","일신방직","","BLANK","77"
"2023-03-23","ALL","PBR(12MF)","A003220","대원제약","1.13714150955989","OK","78"
"2023-03-23","ALL","PBR(12MF)","A003230","삼양식품","1.5837705164586","OK","79"
"2023-03-23","ALL","PBR(12MF)","A003240","태광산업","","BLANK","80"
"2023-03-23","ALL","PBR(12MF)","A003280","흥아해운","","BLANK","81"
"2023-03-23","ALL","PBR(12MF)","A003300","한일홀딩스","","BLANK","82"
"2023-03-23","ALL","PBR(12MF)","A003380","하림지주",".260285815612479","OK","83"
"2023-03-23","ALL","PBR(12MF)","A003470","유안타증권","","BLANK","84"
"2023-03-23","ALL","PBR(12MF)","A003490","대한항공",".916121254285049","OK","85"
"2023-03-23","ALL","PBR(12MF)","A003520","영진약품","","BLANK","86"
"2023-03-23","ALL","PBR(12MF)","A003530","한화투자증권","","BLANK","87"
"2023-03-23","ALL","PBR(12MF)","A003540","대신증권",".220269720068309","OK","88"
"2023-03-23","ALL","PBR(12MF)","A003550","LG",".448558401802658","OK","89"
"2023-03-23","ALL","PBR(12MF)","A003570","SNT다이내믹스","","BLANK","90"
"2023-03-23","ALL","PBR(12MF)","A003580","HLB글로벌","","BLANK","91"
"2023-03-23","ALL","PBR(12MF)","A003610","방림","","BLANK","92"
"2023-03-23","ALL","PBR(12MF)","A003620","KG모빌리티","","BLANK","93"
"2023-03-23","ALL","PBR(12MF)","A003670","포스코퓨처엠","6.62895931290596","OK","94"
"2023-03-23","ALL","PBR(12MF)","A003690","코리안리",".343362982119529","OK","95"
"2023-03-23","ALL","PBR(12MF)","A003800","에이스침대","","BLANK","96"
"2023-03-23","ALL","PBR(12MF)","A003850","보령",".996513278971622","OK","97"
"2023-03-23","ALL","PBR(12MF)","A003920","남양유업","","BLANK","98"
"2023-03-23","ALL","PBR(12MF)","A004000","롯데정밀화학",".568755628916082","OK","99"
"2023-03-23","ALL","PBR(12MF)","A004020","현대제철",".225010414817724","OK","100"
"2023-03-23","ALL","PBR(12MF)","A004170","신세계",".325420623816163","OK","101"
"2023-03-23","ALL","PBR(12MF)","A004250","NPC","","BLANK","102"
"2023-03-23","ALL","PBR(12MF)","A004360","세방","","BLANK","103"
"2023-03-23","ALL","PBR(12MF)","A004370","농심",".865844254422244","OK","104"
"2023-03-23","ALL","PBR(12MF)","A004380","삼익THK","","BLANK","105"
"2023-03-23","ALL","PBR(12MF)","A004430","송원산업","","BLANK","106"
"2023-03-23","ALL","PBR(12MF)","A004490","세방전지","","BLANK","107"
"2023-03-23","ALL","PBR(12MF)","A004690","삼천리","","BLANK","108"
"2023-03-23","ALL","PBR(12MF)","A004700","조광피혁","","BLANK","109"
"2023-03-23","ALL","PBR(12MF)","A004800","효성",".447481082764023","OK","110"
"2023-03-23","ALL","PBR(12MF)","A004890","동일산업","","BLANK","111"
"2023-03-23","ALL","PBR(12MF)","A004990","롯데지주",".28362592845881","OK","112"
"2023-03-23","ALL","PBR(12MF)","A005010","휴스틸","","BLANK","113"
"2023-03-23","ALL","PBR(12MF)","A005070","코스모신소재","12.4849323564088","OK","114"
"2023-03-23","ALL","PBR(12MF)","A005090","SGC에너지",".47437530595561","OK","115"
"2023-03-23","ALL","PBR(12MF)","A005160","동국산업","","BLANK","116"
"2023-03-23","ALL","PBR(12MF)","A005180","빙그레",".652713887366332","OK","117"
"2023-03-23","ALL","PBR(12MF)","A005250","녹십자홀딩스","","BLANK","118"
"2023-03-23","ALL","PBR(12MF)","A005290","동진쎄미켐","1.97433116073633","OK","119"
"2023-03-23","ALL","PBR(12MF)","A005300","롯데칠성",".912718113301255","OK","120"
"2023-03-23","ALL","PBR(12MF)","A005380","현대차",".384134023351308","OK","121"
"2023-03-23","ALL","PBR(12MF)","A005420","코스모화학","","BLANK","122"
"2023-03-23","ALL","PBR(12MF)","A005440","현대지에프홀딩스","","BLANK","123"
"2023-03-23","ALL","PBR(12MF)","A005490","POSCO홀딩스",".436037353305247","OK","124"
"2023-03-23","ALL","PBR(12MF)","A005500","삼진제약","","BLANK","125"
"2023-03-23","ALL","PBR(12MF)","A005610","삼립","1.3651774804243","OK","126"
"2023-03-23","ALL","PBR(12MF)","A005690","파미셀","5.05092747876076","OK","127"
"2023-03-23","ALL","PBR(12MF)","A005810","풍산홀딩스","","BLANK","128"
"2023-03-23","ALL","PBR(12MF)","A005830","DB손해보험",".833280959323798","OK","129"
"2023-03-23","ALL","PBR(12MF)","A005850","에스엘",".627828350990415","OK","130"
"2023-03-23","ALL","PBR(12MF)","A005880","대한해운",".311808469844693","OK","131"
"2023-03-23","ALL","PBR(12MF)","A005930","삼성전자","1.03083044889184","OK","132"
"2023-03-23","ALL","PBR(12MF)","A005940","NH투자증권",".370550821066948","OK","133"
"2023-03-23","ALL","PBR(12MF)","A005950","이수화학","","BLANK","134"
"2023-03-23","ALL","PBR(12MF)","A006040","동원산업","","BLANK","135"
"2023-03-23","ALL","PBR(12MF)","A006110","삼아알미늄","","BLANK","136"
"2023-03-23","ALL","PBR(12MF)","A006120","SK디스커버리","","BLANK","137"
"2023-03-23","ALL","PBR(12MF)","A006220","제주은행","","BLANK","138"
"2023-03-23","ALL","PBR(12MF)","A006260","LS",".395286006096337","OK","139"
"2023-03-23","ALL","PBR(12MF)","A006280","녹십자",".842073479172072","OK","140"
"2023-03-23","ALL","PBR(12MF)","A006360","GS건설",".29336228702877","OK","141"
"2023-03-23","ALL","PBR(12MF)","A006400","삼성SDI","2.68534947508939","OK","142"
"2023-03-23","ALL","PBR(12MF)","A006650","대한유화",".557795980619602","OK","143"
"2023-03-23","ALL","PBR(12MF)","A006730","서부T&D","","BLANK","144"
"2023-03-23","ALL","PBR(12MF)","A006740","블루산업개발","","BLANK","145"
"2023-03-23","ALL","PBR(12MF)","A006800","미래에셋증권",".339921312982043","OK","146"
"2023-03-23","ALL","PBR(12MF)","A007070","GS리테일",".617846404372372","OK","147"
"2023-03-23","ALL","PBR(12MF)","A007310","오뚜기",".98526505903014","OK","148"
"2023-03-23","ALL","PBR(12MF)","A007340","DN오토모티브","","BLANK","149"
"2023-03-23","ALL","PBR(12MF)","A007390","네이처셀","","BLANK","150"
"2023-03-23","ALL","PBR(12MF)","A007460","에이프로젠","","BLANK","151"
"2023-03-23","ALL","PBR(12MF)","A007570","일양약품","","BLANK","152"
"2023-03-23","ALL","PBR(12MF)","A007660","이수페타시스","1.84045587639484","OK","153"
"2023-03-23","ALL","PBR(12MF)","A007690","국도화학","","BLANK","154"
"2023-03-23","ALL","PBR(12MF)","A007700","F&F홀딩스","","BLANK","155"
"2023-03-23","ALL","PBR(12MF)","A007810","코리아써키트",".445106646329783","OK","156"
"2023-03-23","ALL","PBR(12MF)","A008350","남선알미늄","","BLANK","157"
"2023-03-23","ALL","PBR(12MF)","A008490","서흥","","BLANK","158"
"2023-03-23","ALL","PBR(12MF)","A008730","율촌화학","","BLANK","159"
"2023-03-23","ALL","PBR(12MF)","A008770","호텔신라","4.03987011906744","OK","160"
"2023-03-23","ALL","PBR(12MF)","A008930","한미사이언스","","BLANK","161"
"2023-03-23","ALL","PBR(12MF)","A009150","삼성전기","1.3261618356088","OK","162"
"2023-03-23","ALL","PBR(12MF)","A009160","SIMPAC","","BLANK","163"
"2023-03-23","ALL","PBR(12MF)","A009240","한샘","2.34508529322845","OK","164"
"2023-03-23","ALL","PBR(12MF)","A009290","광동제약","","BLANK","165"
"2023-03-23","ALL","PBR(12MF)","A009420","한올바이오파마","5.49283261722593","OK","166"
"2023-03-23","ALL","PBR(12MF)","A009450","경동나비엔","","BLANK","167"
"2023-03-23","ALL","PBR(12MF)","A009520","포스코엠텍","4.65413878398776","OK","168"
"2023-03-23","ALL","PBR(12MF)","A009540","HD한국조선해양",".396634905141778","OK","169"
"2023-03-23","ALL","PBR(12MF)","A009680","모토닉","","BLANK","170"
"2023-03-23","ALL","PBR(12MF)","A009830","한화솔루션",".773711885492817","OK","171"
"2023-03-23","ALL","PBR(12MF)","A009900","명신산업","1.85750234617423","OK","172"
"2023-03-23","ALL","PBR(12MF)","A009970","영원무역홀딩스",".208801920581784","OK","173"
"2023-03-23","ALL","PBR(12MF)","A010060","OCI홀딩스",".465613044879213","OK","174"
"2023-03-23","ALL","PBR(12MF)","A010120","LS ELECTRIC",".975169084210791","OK","175"
"2023-03-23","ALL","PBR(12MF)","A010130","고려아연","1.13942253110278","OK","176"
"2023-03-23","ALL","PBR(12MF)","A010140","삼성중공업",".930862698500193","OK","177"
"2023-03-23","ALL","PBR(12MF)","A010580","에스엠벡셀","","BLANK","178"
"2023-03-23","ALL","PBR(12MF)","A010690","화신",".819925028835063","OK","179"
"2023-03-23","ALL","PBR(12MF)","A010780","아이에스동서",".72060852108291","OK","180"
"2023-03-23","ALL","PBR(12MF)","A010950","S-Oil",".875348117834613","OK","181"
"2023-03-23","ALL","PBR(12MF)","A011000","진원생명과학","","BLANK","182"
"2023-03-23","ALL","PBR(12MF)","A011070","LG이노텍","1.13250037016673","OK","183"
"2023-03-23","ALL","PBR(12MF)","A011170","롯데케미칼",".432283578602208","OK","184"
"2023-03-23","ALL","PBR(12MF)","A011200","HMM",".414564504062509","OK","185"
"2023-03-23","ALL","PBR(12MF)","A011210","현대위아",".347984714954811","OK","186"
"2023-03-23","ALL","PBR(12MF)","A011500","한농화성","","BLANK","187"
"2023-03-23","ALL","PBR(12MF)","A011780","금호석유화학",".701065026537666","OK","188"
"2023-03-23","ALL","PBR(12MF)","A011790","SKC","1.42887542641757","OK","189"
"2023-03-23","ALL","PBR(12MF)","A011930","신성이엔지","","BLANK","190"
"2023-03-23","ALL","PBR(12MF)","A012030","DB","","BLANK","191"
"2023-03-23","ALL","PBR(12MF)","A012330","현대모비스",".494422830950074","OK","192"
"2023-03-23","ALL","PBR(12MF)","A012450","한화에어로스페이스","1.02684356540222","OK","193"
"2023-03-23","ALL","PBR(12MF)","A012510","더존비즈온","1.98062412538646","OK","194"
"2023-03-23","ALL","PBR(12MF)","A012630","HDC","","BLANK","195"
"2023-03-23","ALL","PBR(12MF)","A012750","에스원","1.28790029579783","OK","196"
"2023-03-23","ALL","PBR(12MF)","A013030","하이록코리아",".672986006331174","OK","197"
"2023-03-23","ALL","PBR(12MF)","A013120","동원개발","","BLANK","198"
"2023-03-23","ALL","PBR(12MF)","A013890","지누스",".699424950466531","OK","199"
"2023-03-23","ALL","PBR(12MF)","A014620","성광벤드",".677481720686871","OK","200"
"2023-03-23","ALL","PBR(12MF)","A014680","한솔케미칼","2.25793970280484","OK","201"
"2023-03-23","ALL","PBR(12MF)","A014820","동원시스템즈","","BLANK","202"
"2023-03-23","ALL","PBR(12MF)","A014830","유니드","","BLANK","203"
"2023-03-23","ALL","PBR(12MF)","A015750","성우하이텍","","BLANK","204"
"2023-03-23","ALL","PBR(12MF)","A015760","한국전력",".261065564319851","OK","205"
"2023-03-23","ALL","PBR(12MF)","A016360","삼성증권",".411174422169855","OK","206"
"2023-03-23","ALL","PBR(12MF)","A016380","KG스틸","","BLANK","207"
"2023-03-23","ALL","PBR(12MF)","A016580","환인제약",".883804872253799","OK","208"
"2023-03-23","ALL","PBR(12MF)","A016590","신대양제지","","BLANK","209"
"2023-03-23","ALL","PBR(12MF)","A016710","대성홀딩스","","BLANK","210"
"2023-03-23","ALL","PBR(12MF)","A016790","현대사료","","BLANK","211"
"2023-03-23","ALL","PBR(12MF)","A016800","퍼시스","","BLANK","212"
"2023-03-23","ALL","PBR(12MF)","A017390","서울가스","","BLANK","213"
"2023-03-23","ALL","PBR(12MF)","A017670","SK텔레콤",".781388042045038","OK","214"
"2023-03-23","ALL","PBR(12MF)","A017800","현대엘리베이터","","BLANK","215"
"2023-03-23","ALL","PBR(12MF)","A017810","풀무원","","BLANK","216"
"2023-03-23","ALL","PBR(12MF)","A017940","E1","","BLANK","217"
"2023-03-23","ALL","PBR(12MF)","A017960","한국카본","1.08484114501401","OK","218"
"2023-03-23","ALL","PBR(12MF)","A018250","애경산업","1.13859968934505","OK","219"
"2023-03-23","ALL","PBR(12MF)","A018260","삼성에스디에스","1.0087941848509","OK","220"
"2023-03-23","ALL","PBR(12MF)","A018470","조일알미늄","","BLANK","221"
"2023-03-23","ALL","PBR(12MF)","A018670","SK가스",".45400387501832","OK","222"
"2023-03-23","ALL","PBR(12MF)","A018880","한온시스템","1.59413043942786","OK","223"
"2023-03-23","ALL","PBR(12MF)","A019170","신풍제약","","BLANK","224"
"2023-03-23","ALL","PBR(12MF)","A020000","한섬",".426008748798045","OK","225"
"2023-03-23","ALL","PBR(12MF)","A020120","키다리스튜디오",".957942134429076","OK","226"
"2023-03-23","ALL","PBR(12MF)","A020150","롯데에너지머티리얼즈","1.39952005636242","OK","227"
"2023-03-23","ALL","PBR(12MF)","A020560","아시아나항공","6.19231353379687","OK","228"
"2023-03-23","ALL","PBR(12MF)","A021240","코웨이","1.32324079059531","OK","229"
"2023-03-23","ALL","PBR(12MF)","A022100","포스코DX","2.15222767688416","OK","230"
"2023-03-23","ALL","PBR(12MF)","A023160","태광",".75269635372882","OK","231"
"2023-03-23","ALL","PBR(12MF)","A023410","유진기업","","BLANK","232"
"2023-03-23","ALL","PBR(12MF)","A023530","롯데쇼핑",".195970787699848","OK","233"
"2023-03-23","ALL","PBR(12MF)","A023590","다우기술","","BLANK","234"
"2023-03-23","ALL","PBR(12MF)","A024110","기업은행",".249248438370376","OK","235"
"2023-03-23","ALL","PBR(12MF)","A024720","콜마홀딩스","","BLANK","236"
"2023-03-23","ALL","PBR(12MF)","A025540","한국단자","","BLANK","237"
"2023-03-23","ALL","PBR(12MF)","A025770","한국정보통신","","BLANK","238"
"2023-03-23","ALL","PBR(12MF)","A025860","남해화학","","BLANK","239"
"2023-03-23","ALL","PBR(12MF)","A025900","동화기업","1.30339980793441","OK","240"
"2023-03-23","ALL","PBR(12MF)","A025980","아난티",".898296207801992","OK","241"
"2023-03-23","ALL","PBR(12MF)","A026960","동서","","BLANK","242"
"2023-03-23","ALL","PBR(12MF)","A027360","아주IB투자","","BLANK","243"
"2023-03-23","ALL","PBR(12MF)","A027410","BGF",".219818572732226","OK","244"
"2023-03-23","ALL","PBR(12MF)","A028050","삼성E&A","1.84523242687958","OK","245"
"2023-03-23","ALL","PBR(12MF)","A028260","삼성물산",".621106554353763","OK","246"
"2023-03-23","ALL","PBR(12MF)","A028300","HLB","","BLANK","247"
"2023-03-23","ALL","PBR(12MF)","A028670","팬오션",".53516932763538","OK","248"
"2023-03-23","ALL","PBR(12MF)","A029460","케이씨","","BLANK","249"
"2023-03-23","ALL","PBR(12MF)","A029530","신도리코","","BLANK","250"
"2023-03-23","ALL","PBR(12MF)","A029780","삼성카드",".417256803342375","OK","251"
"2023-03-23","ALL","PBR(12MF)","A030000","제일기획","1.47872467643119","OK","252"
"2023-03-23","ALL","PBR(12MF)","A030190","NICE평가정보","","BLANK","253"
"2023-03-23","ALL","PBR(12MF)","A030200","KT",".40732787687991","OK","254"
"2023-03-23","ALL","PBR(12MF)","A030210","다올투자증권","","BLANK","255"
"2023-03-23","ALL","PBR(12MF)","A030520","한컴",".690517811817054","OK","256"
"2023-03-23","ALL","PBR(12MF)","A030530","원익홀딩스","","BLANK","257"
"2023-03-23","ALL","PBR(12MF)","A030610","교보증권","","BLANK","258"
"2023-03-23","ALL","PBR(12MF)","A030960","양지사","","BLANK","259"
"2023-03-23","ALL","PBR(12MF)","A031330","에스에이엠티","","BLANK","260"
"2023-03-23","ALL","PBR(12MF)","A031430","신세계인터내셔날",".83328340191027","OK","261"
"2023-03-23","ALL","PBR(12MF)","A032190","다우데이타","","BLANK","262"
"2023-03-23","ALL","PBR(12MF)","A032350","롯데관광개발","4.1152966499332","OK","263"
"2023-03-23","ALL","PBR(12MF)","A032500","케이엠더블유","","BLANK","264"
"2023-03-23","ALL","PBR(12MF)","A032620","GC메디아이","","BLANK","265"
"2023-03-23","ALL","PBR(12MF)","A032640","LG유플러스",".527635968683175","OK","266"
"2023-03-23","ALL","PBR(12MF)","A032830","삼성생명",".543661030367905","OK","267"
"2023-03-23","ALL","PBR(12MF)","A033160","엠케이전자","","BLANK","268"
"2023-03-23","ALL","PBR(12MF)","A033240","자화전자","1.51768332740925","OK","269"
"2023-03-23","ALL","PBR(12MF)","A033270","유나이티드제약","","BLANK","270"
"2023-03-23","ALL","PBR(12MF)","A033290","로젠","","BLANK","271"
"2023-03-23","ALL","PBR(12MF)","A033500","동성화인텍","1.80070160192717","OK","272"
"2023-03-23","ALL","PBR(12MF)","A033640","네패스","","BLANK","273"
"2023-03-23","ALL","PBR(12MF)","A033780","KT&G","1.12124395032972","OK","274"
"2023-03-23","ALL","PBR(12MF)","A034020","두산에너빌리티",".895600339469618","OK","275"
"2023-03-23","ALL","PBR(12MF)","A034120","SBS",".814128913424322","OK","276"
"2023-03-23","ALL","PBR(12MF)","A034220","LG디스플레이",".399340313827037","OK","277"
"2023-03-23","ALL","PBR(12MF)","A034230","파라다이스",".916213939435206","OK","278"
"2023-03-23","ALL","PBR(12MF)","A034310","NICE","","BLANK","279"
"2023-03-23","ALL","PBR(12MF)","A034730","SK",".150644349799452","OK","280"
"2023-03-23","ALL","PBR(12MF)","A034810","해성산업","","BLANK","281"
"2023-03-23","ALL","PBR(12MF)","A034830","한국토지신탁",".29804829513693","OK","282"
"2023-03-23","ALL","PBR(12MF)","A034950","한국기업평가","","BLANK","283"
"2023-03-23","ALL","PBR(12MF)","A035250","강원랜드","1.13981156771807","OK","284"
"2023-03-23","ALL","PBR(12MF)","A035290","골드앤에스","","BLANK","285"
"2023-03-23","ALL","PBR(12MF)","A035420","NAVER","1.31037228163677","OK","286"
"2023-03-23","ALL","PBR(12MF)","A035510","신세계 I&C",".703001670293461","OK","287"
"2023-03-23","ALL","PBR(12MF)","A035600","KG이니시스",".516825861629606","OK","288"
"2023-03-23","ALL","PBR(12MF)","A035720","카카오","1.73406288892519","OK","289"
"2023-03-23","ALL","PBR(12MF)","A035760","CJ ENM",".41893473344671","OK","290"
"2023-03-23","ALL","PBR(12MF)","A035890","서희건설","","BLANK","291"
"2023-03-23","ALL","PBR(12MF)","A035900","JYP Ent.","6.19555433343645","OK","292"
"2023-03-23","ALL","PBR(12MF)","A036030","케이티알파","","BLANK","293"
"2023-03-23","ALL","PBR(12MF)","A036420","콘텐트리중앙",".612202856219177","OK","294"
"2023-03-23","ALL","PBR(12MF)","A036460","한국가스공사",".224708240590662","OK","295"
"2023-03-23","ALL","PBR(12MF)","A036530","SNT홀딩스","","BLANK","296"
"2023-03-23","ALL","PBR(12MF)","A036540","SFA반도체","1.40324809143428","OK","297"
"2023-03-23","ALL","PBR(12MF)","A036570","NC","2.26596634261803","OK","298"
"2023-03-23","ALL","PBR(12MF)","A036800","나이스정보통신","","BLANK","299"
"2023-03-23","ALL","PBR(12MF)","A036810","에프에스티","","BLANK","300"
"2023-03-23","ALL","PBR(12MF)","A036830","솔브레인홀딩스","","BLANK","301"
"2023-03-23","ALL","PBR(12MF)","A036930","주성엔지니어링","","BLANK","302"
"2023-03-23","ALL","PBR(12MF)","A037070","파세코","","BLANK","303"
"2023-03-23","ALL","PBR(12MF)","A037270","YG PLUS","","BLANK","304"
"2023-03-23","ALL","PBR(12MF)","A037560","LG헬로비전",".458457151261526","OK","305"
"2023-03-23","ALL","PBR(12MF)","A037710","광주신세계","","BLANK","306"
"2023-03-23","ALL","PBR(12MF)","A038500","삼표시멘트",".507147732039291","OK","307"
"2023-03-23","ALL","PBR(12MF)","A038540","상상인","","BLANK","308"
"2023-03-23","ALL","PBR(12MF)","A039030","이오테크닉스","1.50416065259947","OK","309"
"2023-03-23","ALL","PBR(12MF)","A039130","하나투어","9.06366207770597","OK","310"
"2023-03-23","ALL","PBR(12MF)","A039200","오스코텍","","BLANK","311"
"2023-03-23","ALL","PBR(12MF)","A039490","키움증권",".500658571457798","OK","312"
"2023-03-23","ALL","PBR(12MF)","A039840","디오","1.72781161971371","OK","313"
"2023-03-23","ALL","PBR(12MF)","A040300","YTN","","BLANK","314"
"2023-03-23","ALL","PBR(12MF)","A041190","우리기술투자","","BLANK","315"
"2023-03-23","ALL","PBR(12MF)","A041510","에스엠","2.57537226785424","OK","316"
"2023-03-23","ALL","PBR(12MF)","A041830","인바디","1.56969740917424","OK","317"
"2023-03-23","ALL","PBR(12MF)","A041960","코미팜","","BLANK","318"
"2023-03-23","ALL","PBR(12MF)","A042420","네오위즈홀딩스","","BLANK","319"
"2023-03-23","ALL","PBR(12MF)","A042600","새로닉스","","BLANK","320"
"2023-03-23","ALL","PBR(12MF)","A042660","한화오션","2.58088058390792","OK","321"
"2023-03-23","ALL","PBR(12MF)","A042700","한미반도체","3.23835568069068","OK","322"
"2023-03-23","ALL","PBR(12MF)","A043150","바텍","1.03998185175632","OK","323"
"2023-03-23","ALL","PBR(12MF)","A045100","한양이엔지","","BLANK","324"
"2023-03-23","ALL","PBR(12MF)","A045970","코아시아","","BLANK","325"
"2023-03-23","ALL","PBR(12MF)","A046440","KG파이낸셜","","BLANK","326"
"2023-03-23","ALL","PBR(12MF)","A046890","서울반도체",".698071861873115","OK","327"
"2023-03-23","ALL","PBR(12MF)","A047040","대우건설",".394651442912109","OK","328"
"2023-03-23","ALL","PBR(12MF)","A047050","포스코인터내셔널",".719578922498697","OK","329"
"2023-03-23","ALL","PBR(12MF)","A047810","한국항공우주","2.58076406386957","OK","330"
"2023-03-23","ALL","PBR(12MF)","A047920","HLB제약","","BLANK","331"
"2023-03-23","ALL","PBR(12MF)","A048410","현대바이오","","BLANK","332"
"2023-03-23","ALL","PBR(12MF)","A048530","인트론바이오","","BLANK","333"
"2023-03-23","ALL","PBR(12MF)","A048550","SM C&C","","BLANK","334"
"2023-03-23","ALL","PBR(12MF)","A048870","시너지이노베이션","","BLANK","335"
"2023-03-23","ALL","PBR(12MF)","A049070","인탑스","","BLANK","336"
"2023-03-23","ALL","PBR(12MF)","A049950","미래컴퍼니","","BLANK","337"
"2023-03-23","ALL","PBR(12MF)","A050890","쏠리드","1.2618651093788","OK","338"
"2023-03-23","ALL","PBR(12MF)","A051500","CJ프레시웨이",".748519542045006","OK","339"
"2023-03-23","ALL","PBR(12MF)","A051600","한전KPS","1.24799169122886","OK","340"
"2023-03-23","ALL","PBR(12MF)","A051900","LG생활건강","1.5001137944962","OK","341"
"2023-03-23","ALL","PBR(12MF)","A051910","LG화학","1.22986648626935","OK","342"
"2023-03-23","ALL","PBR(12MF)","A052020","에스티큐브","","BLANK","343"
"2023-03-23","ALL","PBR(12MF)","A052400","코나아이","","BLANK","344"
"2023-03-23","ALL","PBR(12MF)","A052690","한전기술","4.85786793196315","OK","345"
"2023-03-23","ALL","PBR(12MF)","A052710","아모텍","1.235877274696","OK","346"
"2023-03-23","ALL","PBR(12MF)","A053030","바이넥스","1.4191478854305","OK","347"
"2023-03-23","ALL","PBR(12MF)","A053210","스카이라이프",".418996066779535","OK","348"
"2023-03-23","ALL","PBR(12MF)","A053610","프로텍","","BLANK","349"
"2023-03-23","ALL","PBR(12MF)","A053690","한미글로벌","","BLANK","350"
"2023-03-23","ALL","PBR(12MF)","A053800","안랩","","BLANK","351"
"2023-03-23","ALL","PBR(12MF)","A054210","이랜텍","","BLANK","352"
"2023-03-23","ALL","PBR(12MF)","A054620","APS","","BLANK","353"
"2023-03-23","ALL","PBR(12MF)","A055490","테이팩스","","BLANK","354"
"2023-03-23","ALL","PBR(12MF)","A055550","신한지주",".326769692036022","OK","355"
"2023-03-23","ALL","PBR(12MF)","A056080","유진로봇","","BLANK","356"
"2023-03-23","ALL","PBR(12MF)","A056190","SFA",".852461301946937","OK","357"
"2023-03-23","ALL","PBR(12MF)","A057050","현대홈쇼핑",".281270142360469","OK","358"
"2023-03-23","ALL","PBR(12MF)","A058470","리노공업","3.42348141959471","OK","359"
"2023-03-23","ALL","PBR(12MF)","A058610","에스피지","3.03664863397464","OK","360"
"2023-03-23","ALL","PBR(12MF)","A058650","세아홀딩스","","BLANK","361"
"2023-03-23","ALL","PBR(12MF)","A058820","CMG제약","","BLANK","362"
"2023-03-23","ALL","PBR(12MF)","A058970","엠로","9.23619373353695","OK","363"
"2023-03-23","ALL","PBR(12MF)","A059090","미코","","BLANK","364"
"2023-03-23","ALL","PBR(12MF)","A060150","인선이엔티","","BLANK","365"
"2023-03-23","ALL","PBR(12MF)","A060250","NHN KCP","2.00810651067602","OK","366"
"2023-03-23","ALL","PBR(12MF)","A060280","큐렉소","","BLANK","367"
"2023-03-23","ALL","PBR(12MF)","A060590","씨티씨바이오","","BLANK","368"
"2023-03-23","ALL","PBR(12MF)","A060720","KH바텍","1.50946009806645","OK","369"
"2023-03-23","ALL","PBR(12MF)","A060980","HL홀딩스",".285825184335664","OK","370"
"2023-03-23","ALL","PBR(12MF)","A061970","LB세미콘","","BLANK","371"
"2023-03-23","ALL","PBR(12MF)","A063080","컴투스홀딩스",".940970269315546","OK","372"
"2023-03-23","ALL","PBR(12MF)","A063170","서울옥션","","BLANK","373"
"2023-03-23","ALL","PBR(12MF)","A064260","다날","","BLANK","374"
"2023-03-23","ALL","PBR(12MF)","A064350","현대로템","1.80067056807665","OK","375"
"2023-03-23","ALL","PBR(12MF)","A064550","바이오니아","","BLANK","376"
"2023-03-23","ALL","PBR(12MF)","A064760","티씨케이","2.33781627975886","OK","377"
"2023-03-23","ALL","PBR(12MF)","A064960","SNT모티브",".702625578349531","OK","378"
"2023-03-23","ALL","PBR(12MF)","A065350","신성델타테크","","BLANK","379"
"2023-03-23","ALL","PBR(12MF)","A066570","LG전자",".684787124147428","OK","380"
"2023-03-23","ALL","PBR(12MF)","A066970","엘앤에프","5.63672432996765","OK","381"
"2023-03-23","ALL","PBR(12MF)","A067000","조이시티","2.47611158515008","OK","382"
"2023-03-23","ALL","PBR(12MF)","A067160","SOOP","2.8548133261453","OK","383"
"2023-03-23","ALL","PBR(12MF)","A067310","하나마이크론","","BLANK","384"
"2023-03-23","ALL","PBR(12MF)","A067630","HLB생명과학","","BLANK","385"
"2023-03-23","ALL","PBR(12MF)","A068240","다원시스","","BLANK","386"
"2023-03-23","ALL","PBR(12MF)","A068270","셀트리온","4.47373358009052","OK","387"
"2023-03-23","ALL","PBR(12MF)","A068760","셀트리온제약","","BLANK","388"
"2023-03-23","ALL","PBR(12MF)","A069080","웹젠","","BLANK","389"
"2023-03-23","ALL","PBR(12MF)","A069260","TKG휴켐스",".923468544632127","OK","390"
"2023-03-23","ALL","PBR(12MF)","A069620","대웅제약","1.45212040878594","OK","391"
"2023-03-23","ALL","PBR(12MF)","A069960","현대백화점",".202973553235785","OK","392"
"2023-03-23","ALL","PBR(12MF)","A071050","한국금융지주",".351453933605994","OK","393"
"2023-03-23","ALL","PBR(12MF)","A071320","지역난방공사",".219727819574378","OK","394"
"2023-03-23","ALL","PBR(12MF)","A071840","롯데하이마트",".197935485695323","OK","395"
"2023-03-23","ALL","PBR(12MF)","A072710","농심홀딩스","","BLANK","396"
"2023-03-23","ALL","PBR(12MF)","A073240","금호타이어","","BLANK","397"
"2023-03-23","ALL","PBR(12MF)","A073570","리튬포어스","","BLANK","398"
"2023-03-23","ALL","PBR(12MF)","A074600","원익QnC","1.05549362305149","OK","399"
"2023-03-23","ALL","PBR(12MF)","A074610","이엔플러스","","BLANK","400"
"2023-03-23","ALL","PBR(12MF)","A075580","세진중공업","1.30689140218916","OK","401"
"2023-03-23","ALL","PBR(12MF)","A077360","덕산하이메탈","","BLANK","402"
"2023-03-23","ALL","PBR(12MF)","A077500","유니퀘스트",".628698931962122","OK","403"
"2023-03-23","ALL","PBR(12MF)","A077970","STX엔진","","BLANK","404"
"2023-03-23","ALL","PBR(12MF)","A078070","유비쿼스홀딩스","","BLANK","405"
"2023-03-23","ALL","PBR(12MF)","A078340","컴투스",".623983544480356","OK","406"
"2023-03-23","ALL","PBR(12MF)","A078590","휴림에이텍","","BLANK","407"
"2023-03-23","ALL","PBR(12MF)","A078600","대주전자재료","10.0659653400425","OK","408"
"2023-03-23","ALL","PBR(12MF)","A078930","GS",".204830083162734","OK","409"
"2023-03-23","ALL","PBR(12MF)","A079160","CJ CGV","1.80827997826883","OK","410"
"2023-03-23","ALL","PBR(12MF)","A079370","제우스","","BLANK","411"
"2023-03-23","ALL","PBR(12MF)","A079550","LIG디펜스앤에어로스페이스","1.32384755551996","OK","412"
"2023-03-23","ALL","PBR(12MF)","A079810","APS이노베이션","6.82735835501003","OK","413"
"2023-03-23","ALL","PBR(12MF)","A080160","모두투어","3.26323519049356","OK","414"
"2023-03-23","ALL","PBR(12MF)","A080420","모다이노칩","","BLANK","415"
"2023-03-23","ALL","PBR(12MF)","A080580","오킨스전자","","BLANK","416"
"2023-03-23","ALL","PBR(12MF)","A081000","일진다이아","","BLANK","417"
"2023-03-23","ALL","PBR(12MF)","A081660","미스토홀딩스",".711330815241297","OK","418"
"2023-03-23","ALL","PBR(12MF)","A082270","젬백스","","BLANK","419"
"2023-03-23","ALL","PBR(12MF)","A082640","동양생명",".290477792919345","OK","420"
"2023-03-23","ALL","PBR(12MF)","A082740","한화엔진","1.84007338405864","OK","421"
"2023-03-23","ALL","PBR(12MF)","A082920","비츠로셀","1.69140377187294","OK","422"
"2023-03-23","ALL","PBR(12MF)","A083420","그린케미칼","","BLANK","423"
"2023-03-23","ALL","PBR(12MF)","A083790","CG인바이츠","","BLANK","424"
"2023-03-23","ALL","PBR(12MF)","A084010","대한제강",".326551982594796","OK","425"
"2023-03-23","ALL","PBR(12MF)","A084370","유진테크","1.59809539090141","OK","426"
"2023-03-23","ALL","PBR(12MF)","A084690","대상홀딩스","","BLANK","427"
"2023-03-23","ALL","PBR(12MF)","A084850","아이티엠반도체","2.3233401541435","OK","428"
"2023-03-23","ALL","PBR(12MF)","A084990","헬릭스미스","","BLANK","429"
"2023-03-23","ALL","PBR(12MF)","A085620","미래에셋생명",".318706725676363","OK","430"
"2023-03-23","ALL","PBR(12MF)","A085660","차바이오텍","","BLANK","431"
"2023-03-23","ALL","PBR(12MF)","A086280","현대글로비스",".741010910304064","OK","432"
"2023-03-23","ALL","PBR(12MF)","A086450","동국제약","1.16016370584287","OK","433"
"2023-03-23","ALL","PBR(12MF)","A086520","에코프로","3.59040832459498","OK","434"
"2023-03-23","ALL","PBR(12MF)","A086790","하나금융지주",".302750067908447","OK","435"
"2023-03-23","ALL","PBR(12MF)","A086900","메디톡스","","BLANK","436"
"2023-03-23","ALL","PBR(12MF)","A086960","MDS테크","","BLANK","437"
"2023-03-23","ALL","PBR(12MF)","A088350","한화생명",".26425332140997","OK","438"
"2023-03-23","ALL","PBR(12MF)","A088390","이녹스","","BLANK","439"
"2023-03-23","ALL","PBR(12MF)","A089010","켐트로닉스","","BLANK","440"
"2023-03-23","ALL","PBR(12MF)","A089590","제주항공","6.88488407282497","OK","441"
"2023-03-23","ALL","PBR(12MF)","A089860","롯데렌탈",".692318197701532","OK","442"
"2023-03-23","ALL","PBR(12MF)","A089970","브이엠","","BLANK","443"
"2023-03-23","ALL","PBR(12MF)","A089980","상아프론테크","","BLANK","444"
"2023-03-23","ALL","PBR(12MF)","A090360","로보스타","","BLANK","445"
"2023-03-23","ALL","PBR(12MF)","A090430","아모레퍼시픽","1.51148900971039","OK","446"
"2023-03-23","ALL","PBR(12MF)","A090460","비에이치","1.15389665960981","OK","447"
"2023-03-23","ALL","PBR(12MF)","A090710","휴림로봇","","BLANK","448"
"2023-03-23","ALL","PBR(12MF)","A091120","이엠텍","","BLANK","449"
"2023-03-23","ALL","PBR(12MF)","A091580","상신이디피","2.11089146902218","OK","450"
"2023-03-23","ALL","PBR(12MF)","A091700","파트론",".803774410925978","OK","451"
"2023-03-23","ALL","PBR(12MF)","A091810","트리니티항공","7.65825978627401","OK","452"
"2023-03-23","ALL","PBR(12MF)","A092040","아미코젠","","BLANK","453"
"2023-03-23","ALL","PBR(12MF)","A092220","KEC","","BLANK","454"
"2023-03-23","ALL","PBR(12MF)","A093050","LF","","BLANK","455"
"2023-03-23","ALL","PBR(12MF)","A093320","케이아이엔엑스","1.71620655049912","OK","456"
"2023-03-23","ALL","PBR(12MF)","A093370","후성","2.70636127619477","OK","457"
"2023-03-23","ALL","PBR(12MF)","A095340","ISC","1.81097900392666","OK","458"
"2023-03-23","ALL","PBR(12MF)","A095500","미래나노텍","","BLANK","459"
"2023-03-23","ALL","PBR(12MF)","A095610","테스","1.31571314493392","OK","460"
"2023-03-23","ALL","PBR(12MF)","A095660","네오위즈","1.56765928607951","OK","461"
"2023-03-23","ALL","PBR(12MF)","A095700","제넥신","","BLANK","462"
"2023-03-23","ALL","PBR(12MF)","A095720","웅진씽크빅",".818546947822075","OK","463"
"2023-03-23","ALL","PBR(12MF)","A096530","씨젠","1.02928130461452","OK","464"
"2023-03-23","ALL","PBR(12MF)","A096770","SK이노베이션",".582150664752903","OK","465"
"2023-03-23","ALL","PBR(12MF)","A097230","HJ중공업","","BLANK","466"
"2023-03-23","ALL","PBR(12MF)","A097520","엠씨넥스","1.41410980307463","OK","467"
"2023-03-23","ALL","PBR(12MF)","A097950","CJ제일제당",".361123166487702","OK","468"
"2023-03-23","ALL","PBR(12MF)","A098460","고영","2.92898235165393","OK","469"
"2023-03-23","ALL","PBR(12MF)","A099320","쎄트렉아이","","BLANK","470"
"2023-03-23","ALL","PBR(12MF)","A099430","바이오플러스","2.86194412091476","OK","471"
"2023-03-23","ALL","PBR(12MF)","A100090","SK오션플랜트","1.66913275490479","OK","472"
"2023-03-23","ALL","PBR(12MF)","A100120","뷰웍스","1.2431613189413","OK","473"
"2023-03-23","ALL","PBR(12MF)","A100130","동국S&C","","BLANK","474"
"2023-03-23","ALL","PBR(12MF)","A100790","미래에셋벤처투자","","BLANK","475"
"2023-03-23","ALL","PBR(12MF)","A101160","월덱스","1.51445506782587","OK","476"
"2023-03-23","ALL","PBR(12MF)","A101360","에코앤드림","","BLANK","477"
"2023-03-23","ALL","PBR(12MF)","A101490","에스앤에스텍","3.23751246058431","OK","478"
"2023-03-23","ALL","PBR(12MF)","A101670","하이드로리튬","","BLANK","479"
"2023-03-23","ALL","PBR(12MF)","A101730","위메이드맥스","","BLANK","480"
"2023-03-23","ALL","PBR(12MF)","A102460","이연제약","","BLANK","481"
"2023-03-23","ALL","PBR(12MF)","A102710","이엔에프테크놀로지","","BLANK","482"
"2023-03-23","ALL","PBR(12MF)","A102940","코오롱생명과학","","BLANK","483"
"2023-03-23","ALL","PBR(12MF)","A103140","풍산",".512566556958405","OK","484"
"2023-03-23","ALL","PBR(12MF)","A104460","디와이피엔에프","","BLANK","485"
"2023-03-23","ALL","PBR(12MF)","A104700","한국철강",".360038310740719","OK","486"
"2023-03-23","ALL","PBR(12MF)","A104830","원익머트리얼즈",".648423544330551","OK","487"
"2023-03-23","ALL","PBR(12MF)","A105560","KB금융",".368786494272976","OK","488"
"2023-03-23","ALL","PBR(12MF)","A105630","한세실업",".94280858709439","OK","489"
"2023-03-23","ALL","PBR(12MF)","A107600","새빗켐","","BLANK","490"
"2023-03-23","ALL","PBR(12MF)","A108230","톱텍","","BLANK","491"
"2023-03-23","ALL","PBR(12MF)","A108320","LX세미콘","1.35158808345076","OK","492"
"2023-03-23","ALL","PBR(12MF)","A108490","로보티즈","","BLANK","493"
"2023-03-23","ALL","PBR(12MF)","A108670","LX하우시스",".333238520684537","OK","494"
"2023-03-23","ALL","PBR(12MF)","A108860","셀바스AI","","BLANK","495"
"2023-03-23","ALL","PBR(12MF)","A109860","동일금속","","BLANK","496"
"2023-03-23","ALL","PBR(12MF)","A111770","영원무역",".550145812263969","OK","497"
"2023-03-23","ALL","PBR(12MF)","A112040","위메이드","2.63623732351838","OK","498"
"2023-03-23","ALL","PBR(12MF)","A112610","씨에스윈드","2.70308994843456","OK","499"
"2023-03-23","ALL","PBR(12MF)","A114090","GKL","2.67267485843193","OK","500"
"2023-03-23","ALL","PBR(12MF)","A114190","강원에너지","","BLANK","501"
"2023-03-23","ALL","PBR(12MF)","A118990","모트렉스","2.04567405790349","OK","502"
"2023-03-23","ALL","PBR(12MF)","A119610","인터로조","1.63776792062598","OK","503"
"2023-03-23","ALL","PBR(12MF)","A120110","코오롱인더",".39347771628215","OK","504"
"2023-03-23","ALL","PBR(12MF)","A121600","나노신소재","6.95878978372557","OK","505"
"2023-03-23","ALL","PBR(12MF)","A122870","와이지엔터테인먼트","1.83092860799028","OK","506"
"2023-03-23","ALL","PBR(12MF)","A122900","아이마켓코리아","","BLANK","507"
"2023-03-23","ALL","PBR(12MF)","A123890","한국자산신탁",".340877526770998","OK","508"
"2023-03-23","ALL","PBR(12MF)","A126340","비나텍","","BLANK","509"
"2023-03-23","ALL","PBR(12MF)","A126560","현대퓨처넷","","BLANK","510"
"2023-03-23","ALL","PBR(12MF)","A126700","하이비젼시스템","","BLANK","511"
"2023-03-23","ALL","PBR(12MF)","A126720","수산인더스트리","","BLANK","512"
"2023-03-23","ALL","PBR(12MF)","A128940","한미약품","2.86138314705045","OK","513"
"2023-03-23","ALL","PBR(12MF)","A130660","한전산업","","BLANK","514"
"2023-03-23","ALL","PBR(12MF)","A131290","티에스이",".990616271909722","OK","515"
"2023-03-23","ALL","PBR(12MF)","A131970","두산테스나","1.3932345884639","OK","516"
"2023-03-23","ALL","PBR(12MF)","A136480","하림","","BLANK","517"
"2023-03-23","ALL","PBR(12MF)","A137310","에스디바이오센서",".627090196427425","OK","518"
"2023-03-23","ALL","PBR(12MF)","A137400","피엔티","3.30036564438732","OK","519"
"2023-03-23","ALL","PBR(12MF)","A138040","메리츠금융지주","","BLANK","520"
"2023-03-23","ALL","PBR(12MF)","A138930","BNK금융지주",".176316577166788","OK","521"
"2023-03-23","ALL","PBR(12MF)","A139130","iM금융지주",".179437062911114","OK","522"
"2023-03-23","ALL","PBR(12MF)","A139480","이마트",".219188768323725","OK","523"
"2023-03-23","ALL","PBR(12MF)","A140410","메지온","","BLANK","524"
"2023-03-23","ALL","PBR(12MF)","A140860","파크시스템스","5.79367870472166","OK","525"
"2023-03-23","ALL","PBR(12MF)","A141080","리가켐바이오","3.98236295532257","OK","526"
"2023-03-23","ALL","PBR(12MF)","A143240","사람인","","BLANK","527"
"2023-03-23","ALL","PBR(12MF)","A144510","지씨셀","","BLANK","528"
"2023-03-23","ALL","PBR(12MF)","A145020","휴젤","1.67027339396644","OK","529"
"2023-03-23","ALL","PBR(12MF)","A145720","덴티움","2.65712842628747","OK","530"
"2023-03-23","ALL","PBR(12MF)","A145990","삼양사","","BLANK","531"
"2023-03-23","ALL","PBR(12MF)","A151860","KG에코솔루션","","BLANK","532"
"2023-03-23","ALL","PBR(12MF)","A161000","애경케미칼","","BLANK","533"
"2023-03-23","ALL","PBR(12MF)","A161390","한국타이어앤테크놀로지",".413696658950073","OK","534"
"2023-03-23","ALL","PBR(12MF)","A161890","한국콜마",".557982007117079","OK","535"
"2023-03-23","ALL","PBR(12MF)","A166090","하나머티리얼즈","2.23222868099841","OK","536"
"2023-03-23","ALL","PBR(12MF)","A166480","코아스템켐온","","BLANK","537"
"2023-03-23","ALL","PBR(12MF)","A170900","동아에스티",".654006672381019","OK","538"
"2023-03-23","ALL","PBR(12MF)","A171090","선익시스템","","BLANK","539"
"2023-03-23","ALL","PBR(12MF)","A174900","앱클론","","BLANK","540"
"2023-03-23","ALL","PBR(12MF)","A175330","JB금융지주",".327718069438087","OK","541"
"2023-03-23","ALL","PBR(12MF)","A178320","서진시스템",".912354522583729","OK","542"
"2023-03-23","ALL","PBR(12MF)","A178920","PI첨단소재","2.91301896372209","OK","543"
"2023-03-23","ALL","PBR(12MF)","A179290","엠아이텍","","BLANK","544"
"2023-03-23","ALL","PBR(12MF)","A179900","유티아이","","BLANK","545"
"2023-03-23","ALL","PBR(12MF)","A180640","한진칼","","BLANK","546"
"2023-03-23","ALL","PBR(12MF)","A181710","NHN",".462414992891561","OK","547"
"2023-03-23","ALL","PBR(12MF)","A182360","큐브엔터","5.49057593845788","OK","548"
"2023-03-23","ALL","PBR(12MF)","A182400","엔케이젠바이오텍코리아","","BLANK","549"
"2023-03-23","ALL","PBR(12MF)","A183190","아세아시멘트",".339052992516844","OK","550"
"2023-03-23","ALL","PBR(12MF)","A183300","코미코","","BLANK","551"
"2023-03-23","ALL","PBR(12MF)","A185750","종근당","1.39807201514141","OK","552"
"2023-03-23","ALL","PBR(12MF)","A189300","인텔리안테크","3.80372537008542","OK","553"
"2023-03-23","ALL","PBR(12MF)","A190510","나무가","","BLANK","554"
"2023-03-23","ALL","PBR(12MF)","A192080","더블유게임즈",".512152250556839","OK","555"
"2023-03-23","ALL","PBR(12MF)","A192400","쿠쿠홀딩스","","BLANK","556"
"2023-03-23","ALL","PBR(12MF)","A192650","드림텍","","BLANK","557"
"2023-03-23","ALL","PBR(12MF)","A192820","코스맥스","1.45693190229406","OK","558"
"2023-03-23","ALL","PBR(12MF)","A194480","데브시스터즈","2.76804251678135","OK","559"
"2023-03-23","ALL","PBR(12MF)","A195870","해성디에스","1.46187279148892","OK","560"
"2023-03-23","ALL","PBR(12MF)","A195940","HK이노엔",".785738159106502","OK","561"
"2023-03-23","ALL","PBR(12MF)","A196170","알테오젠","10.9494868597564","OK","562"
"2023-03-23","ALL","PBR(12MF)","A199800","툴젠","","BLANK","563"
"2023-03-23","ALL","PBR(12MF)","A200130","콜마비앤에이치","1.41168859229491","OK","564"
"2023-03-23","ALL","PBR(12MF)","A200710","에이디테크놀로지","","BLANK","565"
"2023-03-23","ALL","PBR(12MF)","A200880","서연이화",".328139380480322","OK","566"
"2023-03-23","ALL","PBR(12MF)","A204270","제이앤티씨","","BLANK","567"
"2023-03-23","ALL","PBR(12MF)","A204320","HL만도",".770444874588897","OK","568"
"2023-03-23","ALL","PBR(12MF)","A205470","휴마시스","","BLANK","569"
"2023-03-23","ALL","PBR(12MF)","A206560","덱스터","","BLANK","570"
"2023-03-23","ALL","PBR(12MF)","A206640","바디텍메드","","BLANK","571"
"2023-03-23","ALL","PBR(12MF)","A206650","유바이오로직스","","BLANK","572"
"2023-03-23","ALL","PBR(12MF)","A207940","삼성바이오로직스","6.19200453134856","OK","573"
"2023-03-23","ALL","PBR(12MF)","A210980","SK디앤디",".47539401626864","OK","574"
"2023-03-23","ALL","PBR(12MF)","A211270","AP위성","","BLANK","575"
"2023-03-23","ALL","PBR(12MF)","A213420","덕산네오룩스","3.09620681637936","OK","576"
"2023-03-23","ALL","PBR(12MF)","A213500","한솔제지",".325416441236866","OK","577"
"2023-03-23","ALL","PBR(12MF)","A214150","클래시스","4.48990847111803","OK","578"
"2023-03-23","ALL","PBR(12MF)","A214320","이노션",".809917358858206","OK","579"
"2023-03-23","ALL","PBR(12MF)","A214370","케어젠","","BLANK","580"
"2023-03-23","ALL","PBR(12MF)","A214450","파마리서치","1.65177994826059","OK","581"
"2023-03-23","ALL","PBR(12MF)","A215000","골프존","1.55077376494879","OK","582"
"2023-03-23","ALL","PBR(12MF)","A215200","메가스터디교육","1.24244470376595","OK","583"
"2023-03-23","ALL","PBR(12MF)","A215600","신라젠","","BLANK","584"
"2023-03-23","ALL","PBR(12MF)","A216080","제테마","4.91275867935848","OK","585"
"2023-03-23","ALL","PBR(12MF)","A217270","넵튠","","BLANK","586"
"2023-03-23","ALL","PBR(12MF)","A217330","싸이토젠","","BLANK","587"
"2023-03-23","ALL","PBR(12MF)","A217820","원익피앤이","","BLANK","588"
"2023-03-23","ALL","PBR(12MF)","A218410","RFHIC","1.69958197258735","OK","589"
"2023-03-23","ALL","PBR(12MF)","A220260","켐트로스","","BLANK","590"
"2023-03-23","ALL","PBR(12MF)","A222080","SFA넥셀","","BLANK","591"
"2023-03-23","ALL","PBR(12MF)","A222800","심텍","1.19500520500566","OK","592"
"2023-03-23","ALL","PBR(12MF)","A225570","넥슨게임즈","","BLANK","593"
"2023-03-23","ALL","PBR(12MF)","A226320","잇츠한불","","BLANK","594"
"2023-03-23","ALL","PBR(12MF)","A226950","올릭스","","BLANK","595"
"2023-03-23","ALL","PBR(12MF)","A228670","레이","3.33298741098757","OK","596"
"2023-03-23","ALL","PBR(12MF)","A230240","에치에프알","1.41468290283921","OK","597"
"2023-03-23","ALL","PBR(12MF)","A230360","에코마케팅","1.51792394755979","OK","598"
"2023-03-23","ALL","PBR(12MF)","A232140","와이씨","","BLANK","599"
"2023-03-23","ALL","PBR(12MF)","A235980","메드팩토","","BLANK","600"
"2023-03-23","ALL","PBR(12MF)","A237690","에스티팜","3.7938805552143","OK","601"
"2023-03-23","ALL","PBR(12MF)","A237880","클리오","1.86032899284441","OK","602"
"2023-03-23","ALL","PBR(12MF)","A240810","원익IPS","1.75332425732278","OK","603"
"2023-03-23","ALL","PBR(12MF)","A241560","두산밥캣",".706130294694095","OK","604"
"2023-03-23","ALL","PBR(12MF)","A241590","화승엔터프라이즈",".663167316046659","OK","605"
"2023-03-23","ALL","PBR(12MF)","A243070","휴온스","1.11056598239676","OK","606"
"2023-03-23","ALL","PBR(12MF)","A243840","신흥에스이씨","1.12961743819257","OK","607"
"2023-03-23","ALL","PBR(12MF)","A246710","티앤알바이오팹","","BLANK","608"
"2023-03-23","ALL","PBR(12MF)","A247540","에코프로비엠","12.0692230298054","OK","609"
"2023-03-23","ALL","PBR(12MF)","A248070","솔루엠","2.86221209116803","OK","610"
"2023-03-23","ALL","PBR(12MF)","A249420","일동제약","","BLANK","611"
"2023-03-23","ALL","PBR(12MF)","A251270","넷마블",".925876940817765","OK","612"
"2023-03-23","ALL","PBR(12MF)","A253450","스튜디오드래곤","2.84926306583741","OK","613"
"2023-03-23","ALL","PBR(12MF)","A256840","한국비엔씨","","BLANK","614"
"2023-03-23","ALL","PBR(12MF)","A259960","크래프톤","1.46039584351729","OK","615"
"2023-03-23","ALL","PBR(12MF)","A263750","펄어비스","2.9256916702605","OK","616"
"2023-03-23","ALL","PBR(12MF)","A265520","AP시스템","","BLANK","617"
"2023-03-23","ALL","PBR(12MF)","A267250","HD현대",".183774847461986","OK","618"
"2023-03-23","ALL","PBR(12MF)","A267260","HD현대일렉트릭","1.41526436968987","OK","619"
"2023-03-23","ALL","PBR(12MF)","A267270","HD건설기계",".539342597680004","OK","620"
"2023-03-23","ALL","PBR(12MF)","A267980","매일유업",".690289845769606","OK","621"
"2023-03-23","ALL","PBR(12MF)","A268280","미원에스씨","","BLANK","622"
"2023-03-23","ALL","PBR(12MF)","A270520","앱튼","","BLANK","623"
"2023-03-23","ALL","PBR(12MF)","A271560","오리온","1.67409312526867","OK","624"
"2023-03-23","ALL","PBR(12MF)","A271940","일진하이솔루스","3.26887945085681","OK","625"
"2023-03-23","ALL","PBR(12MF)","A271980","제일약품","","BLANK","626"
"2023-03-23","ALL","PBR(12MF)","A272210","한화시스템",".976807385710968","OK","627"
"2023-03-23","ALL","PBR(12MF)","A272290","이녹스첨단소재","1.68999713277397","OK","628"
"2023-03-23","ALL","PBR(12MF)","A272450","진에어","9.94490981187968","OK","629"
"2023-03-23","ALL","PBR(12MF)","A272550","삼양패키징",".708161638884786","OK","630"
"2023-03-23","ALL","PBR(12MF)","A277810","레인보우로보틱스","47.9427368912943","OK","631"
"2023-03-23","ALL","PBR(12MF)","A278280","천보","4.88848132720266","OK","632"
"2023-03-23","ALL","PBR(12MF)","A278650","HLB바이오스텝","","BLANK","633"
"2023-03-23","ALL","PBR(12MF)","A280360","롯데웰푸드",".420365096672082","OK","634"
"2023-03-23","ALL","PBR(12MF)","A281740","레이크머티리얼즈","4.60218901078433","OK","635"
"2023-03-23","ALL","PBR(12MF)","A281820","케이씨텍","","BLANK","636"
"2023-03-23","ALL","PBR(12MF)","A282330","BGF리테일","2.70417800626728","OK","637"
"2023-03-23","ALL","PBR(12MF)","A282720","금양그린파워","","BLANK","638"
"2023-03-23","ALL","PBR(12MF)","A282880","코윈테크","2.14577916323597","OK","639"
"2023-03-23","ALL","PBR(12MF)","A284740","쿠쿠홈시스","","BLANK","640"
"2023-03-23","ALL","PBR(12MF)","A285130","SK케미칼","","BLANK","641"
"2023-03-23","ALL","PBR(12MF)","A286940","롯데이노베이트",".905967098119463","OK","642"
"2023-03-23","ALL","PBR(12MF)","A289220","자이언트스텝","","BLANK","643"
"2023-03-23","ALL","PBR(12MF)","A290650","엘앤씨바이오","4.60580847743698","OK","644"
"2023-03-23","ALL","PBR(12MF)","A290670","대보마그네틱","6.62021933687423","OK","645"
"2023-03-23","ALL","PBR(12MF)","A291230","엔피","","BLANK","646"
"2023-03-23","ALL","PBR(12MF)","A293480","하나제약",".873145217772658","OK","647"
"2023-03-23","ALL","PBR(12MF)","A293490","카카오게임즈","1.30455930647788","OK","648"
"2023-03-23","ALL","PBR(12MF)","A294090","이오플로우","","BLANK","649"
"2023-03-23","ALL","PBR(12MF)","A294140","레몬","","BLANK","650"
"2023-03-23","ALL","PBR(12MF)","A294570","쿠콘","","BLANK","651"
"2023-03-23","ALL","PBR(12MF)","A294870","IPARK현대산업개발","","BLANK","652"
"2023-03-23","ALL","PBR(12MF)","A297090","씨에스베어링","2.50265882779788","OK","653"
"2023-03-23","ALL","PBR(12MF)","A298000","효성화학","1.42055763722961","OK","654"
"2023-03-23","ALL","PBR(12MF)","A298020","효성티앤씨","1.03663961388263","OK","655"
"2023-03-23","ALL","PBR(12MF)","A298040","효성중공업",".525506377190283","OK","656"
"2023-03-23","ALL","PBR(12MF)","A298050","HS효성첨단소재","1.84798821082858","OK","657"
"2023-03-23","ALL","PBR(12MF)","A298380","에이비엘바이오","14.0621248821776","OK","658"
"2023-03-23","ALL","PBR(12MF)","A298540","더네이쳐홀딩스","1.04436751294564","OK","659"
"2023-03-23","ALL","PBR(12MF)","A298690","에어부산","","BLANK","660"
"2023-03-23","ALL","PBR(12MF)","A299030","하나기술","4.98797184588391","OK","661"
"2023-03-23","ALL","PBR(12MF)","A299900","위지윅스튜디오","2.38480872392075","OK","662"
"2023-03-23","ALL","PBR(12MF)","A300720","한일시멘트",".491794864694404","OK","663"
"2023-03-23","ALL","PBR(12MF)","A302440","SK바이오사이언스","3.04252520132861","OK","664"
"2023-03-23","ALL","PBR(12MF)","A304100","솔트룩스","","BLANK","665"
"2023-03-23","ALL","PBR(12MF)","A306200","세아제강",".384396202986112","OK","666"
"2023-03-23","ALL","PBR(12MF)","A307750","국전","","BLANK","667"
"2023-03-23","ALL","PBR(12MF)","A307950","현대오토에버","1.94560808731251","OK","668"
"2023-03-23","ALL","PBR(12MF)","A310210","보로노이","","BLANK","669"
"2023-03-23","ALL","PBR(12MF)","A314130","지놈앤컴퍼니","","BLANK","670"
"2023-03-23","ALL","PBR(12MF)","A316140","우리금융지주",".236727822682319","OK","671"
"2023-03-23","ALL","PBR(12MF)","A317330","덕산테코피아","","BLANK","672"
"2023-03-23","ALL","PBR(12MF)","A319400","현대무벡스","","BLANK","673"
"2023-03-23","ALL","PBR(12MF)","A319660","피에스케이","1.39323797625843","OK","674"
"2023-03-23","ALL","PBR(12MF)","A322000","HD현대에너지솔루션","1.25445931592988","OK","675"
"2023-03-23","ALL","PBR(12MF)","A323410","카카오뱅크","2.00765595709343","OK","676"
"2023-03-23","ALL","PBR(12MF)","A323990","박셀바이오","","BLANK","677"
"2023-03-23","ALL","PBR(12MF)","A326030","SK바이오팜","13.4296311181697","OK","678"
"2023-03-23","ALL","PBR(12MF)","A328130","루닛","","BLANK","679"
"2023-03-23","ALL","PBR(12MF)","A329180","HD현대중공업","1.50969943912418","OK","680"
"2023-03-23","ALL","PBR(12MF)","A330860","네패스아크","1.04123737232722","OK","681"
"2023-03-23","ALL","PBR(12MF)","A336260","두산퓨얼셀","3.92677841787668","OK","682"
"2023-03-23","ALL","PBR(12MF)","A336370","솔루스첨단소재","1.37045582085823","OK","683"
"2023-03-23","ALL","PBR(12MF)","A336570","원텍","","BLANK","684"
"2023-03-23","ALL","PBR(12MF)","A340570","티앤엘","2.75537167334721","OK","685"
"2023-03-23","ALL","PBR(12MF)","A344820","KCC글라스","","BLANK","686"
"2023-03-23","ALL","PBR(12MF)","A347860","알체라","","BLANK","687"
"2023-03-23","ALL","PBR(12MF)","A348210","넥스틴","3.58051331424558","OK","688"
"2023-03-23","ALL","PBR(12MF)","A348340","뉴로메카","210.68","OK","689"
"2023-03-23","ALL","PBR(12MF)","A348370","엔켐","","BLANK","690"
"2023-03-23","ALL","PBR(12MF)","A352480","씨앤씨인터내셔널","2.3223019056665","OK","691"
"2023-03-23","ALL","PBR(12MF)","A352820","하이브","2.07830573257138","OK","692"
"2023-03-23","ALL","PBR(12MF)","A353200","대덕전자","1.0782980820271","OK","693"
"2023-03-23","ALL","PBR(12MF)","A357550","석경에이티","","BLANK","694"
"2023-03-23","ALL","PBR(12MF)","A357780","솔브레인","1.68667619590608","OK","695"
"2023-03-23","ALL","PBR(12MF)","A360070","탑머티리얼","","BLANK","696"
"2023-03-23","ALL","PBR(12MF)","A361610","SK아이이테크놀로지","2.06320734724867","OK","697"
"2023-03-23","ALL","PBR(12MF)","A363280","티와이홀딩스",".329302155517276","OK","698"
"2023-03-23","ALL","PBR(12MF)","A365340","성일하이텍","6.2877756560461","OK","699"
"2023-03-23","ALL","PBR(12MF)","A372170","윤성에프앤씨","15.41","OK","700"
"2023-03-23","ALL","PBR(12MF)","A373220","LG에너지솔루션","5.87550188982886","OK","701"
"2023-03-23","ALL","PBR(12MF)","A375500","DL이앤씨",".241463142134912","OK","702"
"2023-03-23","ALL","PBR(12MF)","A376300","디어유","5.36349949291382","OK","703"
"2023-03-23","ALL","PBR(12MF)","A377030","비트맥스","","BLANK","704"
"2023-03-23","ALL","PBR(12MF)","A377300","카카오페이","4.23923733253654","OK","705"
"2023-03-23","ALL","PBR(12MF)","A377740","바이오노트","","BLANK","706"
"2023-03-23","ALL","PBR(12MF)","A381970","케이카","1.99181351230123","OK","707"
"2023-03-23","ALL","PBR(12MF)","A382840","원준","3.1417340465232","OK","708"
"2023-03-23","ALL","PBR(12MF)","A383220","F&F","3.83091347233326","OK","709"
"2023-03-23","ALL","PBR(12MF)","A383310","에코프로에이치엔","","BLANK","710"
"2023-03-23","ALL","PBR(12MF)","A383800","LX홀딩스",".353622704976834","OK","711"
"2023-03-23","ALL","PBR(12MF)","A388720","유일로보틱스","","BLANK","712"
"2023-03-23","ALL","PBR(12MF)","A389260","대명에너지","","BLANK","713"
"2023-03-23","ALL","PBR(12MF)","A389500","에스비비테크","287.5","OK","714"
"2023-03-23","ALL","PBR(12MF)","A393890","더블유씨피","1.47602165268657","OK","715"
"2023-03-23","ALL","PBR(12MF)","A394280","오픈엣지테크놀로지","9.37922303054841","OK","716"
"2023-03-23","ALL","PBR(12MF)","A399720","가온칩스","","BLANK","717"
"2023-03-23","ALL","PBR(12MF)","A402030","코난테크놀로지","","BLANK","718"
"2023-03-23","ALL","PBR(12MF)","A402340","SK스퀘어",".298461962839312","OK","719"
"2023-03-23","ALL","PBR(12MF)","A403550","쏘카","2.22209772409486","OK","720"
"2023-03-23","ALL","PBR(12MF)","A403870","HPSP","2.37054143247187","OK","721"
"2023-03-23","ALL","PBR(12MF)","A411080","샌즈랩","","BLANK","722"
"2023-03-23","ALL","PBR(12MF)","A417010","나노팀","","BLANK","723"
"2023-03-23","ALL","PBR(12MF)","A418550","제이오","12.2431530724983","OK","724"
"2023-03-23","ALL","PBR(12MF)","A419050","삼기에너지솔루션즈","4.53442547888947","OK","725"
"2023-03-23","ALL","PBR(12MF)","A419530","SAMG엔터","","BLANK","726"
"2023-03-23","ALL","PBR(12MF)","A425040","티이엠씨","","BLANK","727"
"2023-03-23","ALL","PBR(12MF)","A441270","파인엠텍","","BLANK","728"
"2023-03-23","ALL","PBR(12MF)","A950130","엑세스바이오","","BLANK","729"
"2023-03-23","ALL","PBR(12MF)","A950160","코오롱티슈진","","BLANK","730"
"2023-03-23","ALL","PBR(12MF)","A950210","프레스티지바이오파마","","BLANK","731"
"2023-03-23","ALL","PBR(12MF)","A950220","네오이뮨텍","","BLANK","732"
