Date,Universe,Factor,StockCode,StockName,FactorValue,ValueStatus,SourceRow
"2024-02-29","ALL","PBR(12MF)","A000020","동화약품","","BLANK","14"
"2024-02-29","ALL","PBR(12MF)","A000070","삼양홀딩스","","BLANK","15"
"2024-02-29","ALL","PBR(12MF)","A000080","하이트진로","1.1566534927534","OK","16"
"2024-02-29","ALL","PBR(12MF)","A000100","유한양행","2.45680935435071","OK","17"
"2024-02-29","ALL","PBR(12MF)","A000120","CJ대한통운",".629905534363471","OK","18"
"2024-02-29","ALL","PBR(12MF)","A000150","두산",".128403661749044","OK","19"
"2024-02-29","ALL","PBR(12MF)","A000210","DL",".208550710080677","OK","20"
"2024-02-29","ALL","PBR(12MF)","A000240","한국앤컴퍼니","","BLANK","21"
"2024-02-29","ALL","PBR(12MF)","A000250","삼천당제약","","BLANK","22"
"2024-02-29","ALL","PBR(12MF)","A000270","기아",".919321362565063","OK","23"
"2024-02-29","ALL","PBR(12MF)","A000370","한화손해보험",".149576868840846","OK","24"
"2024-02-29","ALL","PBR(12MF)","A000400","롯데손해보험","","BLANK","25"
"2024-02-29","ALL","PBR(12MF)","A000430","대원강업",".512982953194893","OK","26"
"2024-02-29","ALL","PBR(12MF)","A000480","CR홀딩스","","BLANK","27"
"2024-02-29","ALL","PBR(12MF)","A000490","대동","","BLANK","28"
"2024-02-29","ALL","PBR(12MF)","A000540","흥국화재","","BLANK","29"
"2024-02-29","ALL","PBR(12MF)","A000640","동아쏘시오홀딩스",".613794834794259","OK","30"
"2024-02-29","ALL","PBR(12MF)","A000660","SK하이닉스","1.79307787272097","OK","31"
"2024-02-29","ALL","PBR(12MF)","A000670","영풍","","BLANK","32"
"2024-02-29","ALL","PBR(12MF)","A000680","LS네트웍스","","BLANK","33"
"2024-02-29","ALL","PBR(12MF)","A000720","현대건설",".348270446930978","OK","34"
"2024-02-29","ALL","PBR(12MF)","A000810","삼성화재",".857345402717702","OK","35"
"2024-02-29","ALL","PBR(12MF)","A000880","한화","6.20352597717806E-02","OK","36"
"2024-02-29","ALL","PBR(12MF)","A000990","DB하이텍","1.10117705079465","OK","37"
"2024-02-29","ALL","PBR(12MF)","A001040","CJ",".150910548721298","OK","38"
"2024-02-29","ALL","PBR(12MF)","A001060","JW중외제약","2.45750796456591","OK","39"
"2024-02-29","ALL","PBR(12MF)","A001120","LX인터내셔널",".306838041571666","OK","40"
"2024-02-29","ALL","PBR(12MF)","A001200","유진투자증권","","BLANK","41"
"2024-02-29","ALL","PBR(12MF)","A001230","동국홀딩스","","BLANK","42"
"2024-02-29","ALL","PBR(12MF)","A001270","부국증권","","BLANK","43"
"2024-02-29","ALL","PBR(12MF)","A001340","PKC","","BLANK","44"
"2024-02-29","ALL","PBR(12MF)","A001390","KG케미칼","","BLANK","45"
"2024-02-29","ALL","PBR(12MF)","A001430","세아베스틸지주",".423496016852868","OK","46"
"2024-02-29","ALL","PBR(12MF)","A001440","대한전선","","BLANK","47"
"2024-02-29","ALL","PBR(12MF)","A001450","현대해상",".364094050842067","OK","48"
"2024-02-29","ALL","PBR(12MF)","A001460","BYC","","BLANK","49"
"2024-02-29","ALL","PBR(12MF)","A001470","삼부토건","","BLANK","50"
"2024-02-29","ALL","PBR(12MF)","A001500","현대차증권","","BLANK","51"
"2024-02-29","ALL","PBR(12MF)","A001510","SK증권","","BLANK","52"
"2024-02-29","ALL","PBR(12MF)","A001530","DI동일","","BLANK","53"
"2024-02-29","ALL","PBR(12MF)","A001570","금양","","BLANK","54"
"2024-02-29","ALL","PBR(12MF)","A001630","종근당홀딩스","","BLANK","55"
"2024-02-29","ALL","PBR(12MF)","A001680","대상",".455133836058536","OK","56"
"2024-02-29","ALL","PBR(12MF)","A001720","신영증권","","BLANK","57"
"2024-02-29","ALL","PBR(12MF)","A001740","SK네트웍스",".65709813937395","OK","58"
"2024-02-29","ALL","PBR(12MF)","A001780","알루코","","BLANK","59"
"2024-02-29","ALL","PBR(12MF)","A001790","대한제당","","BLANK","60"
"2024-02-29","ALL","PBR(12MF)","A001800","오리온홀딩스","","BLANK","61"
"2024-02-29","ALL","PBR(12MF)","A001820","삼화콘덴서","1.2435114084303","OK","62"
"2024-02-29","ALL","PBR(12MF)","A001940","KISCO홀딩스","","BLANK","63"
"2024-02-29","ALL","PBR(12MF)","A002030","아세아","","BLANK","64"
"2024-02-29","ALL","PBR(12MF)","A002150","도화엔지니어링","","BLANK","65"
"2024-02-29","ALL","PBR(12MF)","A002240","고려제강","","BLANK","66"
"2024-02-29","ALL","PBR(12MF)","A002310","아세아제지","","BLANK","67"
"2024-02-29","ALL","PBR(12MF)","A002320","한진",".226623152456942","OK","68"
"2024-02-29","ALL","PBR(12MF)","A002350","넥센타이어",".482715230596252","OK","69"
"2024-02-29","ALL","PBR(12MF)","A002380","KCC",".416585559072306","OK","70"
"2024-02-29","ALL","PBR(12MF)","A002710","TCC스틸","","BLANK","71"
"2024-02-29","ALL","PBR(12MF)","A002790","아모레퍼시픽홀딩스",".328815863387536","OK","72"
"2024-02-29","ALL","PBR(12MF)","A002810","삼영무역","","BLANK","73"
"2024-02-29","ALL","PBR(12MF)","A002840","미원상사","","BLANK","74"
"2024-02-29","ALL","PBR(12MF)","A002900","TYM","","BLANK","75"
"2024-02-29","ALL","PBR(12MF)","A002960","한국쉘석유","","BLANK","76"
"2024-02-29","ALL","PBR(12MF)","A003000","부광약품","","BLANK","77"
"2024-02-29","ALL","PBR(12MF)","A003030","세아제강지주","","BLANK","78"
"2024-02-29","ALL","PBR(12MF)","A003090","대웅","","BLANK","79"
"2024-02-29","ALL","PBR(12MF)","A003120","일성아이에스","","BLANK","80"
"2024-02-29","ALL","PBR(12MF)","A003220","대원제약","1.14558795277254","OK","81"
"2024-02-29","ALL","PBR(12MF)","A003230","삼양식품","1.88655578174479","OK","82"
"2024-02-29","ALL","PBR(12MF)","A003240","태광산업","","BLANK","83"
"2024-02-29","ALL","PBR(12MF)","A003280","흥아해운","","BLANK","84"
"2024-02-29","ALL","PBR(12MF)","A003300","한일홀딩스","","BLANK","85"
"2024-02-29","ALL","PBR(12MF)","A003380","하림지주","","BLANK","86"
"2024-02-29","ALL","PBR(12MF)","A003470","유안타증권","","BLANK","87"
"2024-02-29","ALL","PBR(12MF)","A003490","대한항공",".758604507313644","OK","88"
"2024-02-29","ALL","PBR(12MF)","A003520","영진약품","","BLANK","89"
"2024-02-29","ALL","PBR(12MF)","A003530","한화투자증권","","BLANK","90"
"2024-02-29","ALL","PBR(12MF)","A003540","대신증권",".290284568668308","OK","91"
"2024-02-29","ALL","PBR(12MF)","A003550","LG",".511736135304417","OK","92"
"2024-02-29","ALL","PBR(12MF)","A003570","SNT다이내믹스","","BLANK","93"
"2024-02-29","ALL","PBR(12MF)","A003580","HLB글로벌","","BLANK","94"
"2024-02-29","ALL","PBR(12MF)","A003620","KG모빌리티","","BLANK","95"
"2024-02-29","ALL","PBR(12MF)","A003670","포스코퓨처엠","8.24785247424983","OK","96"
"2024-02-29","ALL","PBR(12MF)","A003690","코리안리",".382858208768981","OK","97"
"2024-02-29","ALL","PBR(12MF)","A003800","에이스침대","","BLANK","98"
"2024-02-29","ALL","PBR(12MF)","A003850","보령","1.33884308889506","OK","99"
"2024-02-29","ALL","PBR(12MF)","A003920","남양유업","","BLANK","100"
"2024-02-29","ALL","PBR(12MF)","A003960","사조대림","","BLANK","101"
"2024-02-29","ALL","PBR(12MF)","A004000","롯데정밀화학",".478969281113821","OK","102"
"2024-02-29","ALL","PBR(12MF)","A004020","현대제철",".235360517814459","OK","103"
"2024-02-29","ALL","PBR(12MF)","A004170","신세계",".257169157752852","OK","104"
"2024-02-29","ALL","PBR(12MF)","A004370","농심",".794379685599062","OK","105"
"2024-02-29","ALL","PBR(12MF)","A004380","삼익THK","","BLANK","106"
"2024-02-29","ALL","PBR(12MF)","A004430","송원산업","","BLANK","107"
"2024-02-29","ALL","PBR(12MF)","A004490","세방전지",".772643941166813","OK","108"
"2024-02-29","ALL","PBR(12MF)","A004560","현대비앤지스틸","","BLANK","109"
"2024-02-29","ALL","PBR(12MF)","A004690","삼천리","","BLANK","110"
"2024-02-29","ALL","PBR(12MF)","A004700","조광피혁","","BLANK","111"
"2024-02-29","ALL","PBR(12MF)","A004800","효성",".4313655519858","OK","112"
"2024-02-29","ALL","PBR(12MF)","A004990","롯데지주",".308814007418322","OK","113"
"2024-02-29","ALL","PBR(12MF)","A005010","휴스틸","","BLANK","114"
"2024-02-29","ALL","PBR(12MF)","A005070","코스모신소재","17.2195636503099","OK","115"
"2024-02-29","ALL","PBR(12MF)","A005090","SGC에너지",".361114264152604","OK","116"
"2024-02-29","ALL","PBR(12MF)","A005160","동국산업","","BLANK","117"
"2024-02-29","ALL","PBR(12MF)","A005180","빙그레",".740763908102725","OK","118"
"2024-02-29","ALL","PBR(12MF)","A005250","녹십자홀딩스","","BLANK","119"
"2024-02-29","ALL","PBR(12MF)","A005290","동진쎄미켐","","BLANK","120"
"2024-02-29","ALL","PBR(12MF)","A005300","롯데칠성",".700745670795588","OK","121"
"2024-02-29","ALL","PBR(12MF)","A005380","현대차",".479334185250123","OK","122"
"2024-02-29","ALL","PBR(12MF)","A005420","코스모화학","","BLANK","123"
"2024-02-29","ALL","PBR(12MF)","A005440","현대지에프홀딩스",".191353865801834","OK","124"
"2024-02-29","ALL","PBR(12MF)","A005490","POSCO홀딩스",".581356723181596","OK","125"
"2024-02-29","ALL","PBR(12MF)","A005500","삼진제약","","BLANK","126"
"2024-02-29","ALL","PBR(12MF)","A005610","삼립","1.09797585870864","OK","127"
"2024-02-29","ALL","PBR(12MF)","A005690","파미셀","","BLANK","128"
"2024-02-29","ALL","PBR(12MF)","A005810","풍산홀딩스","","BLANK","129"
"2024-02-29","ALL","PBR(12MF)","A005830","DB손해보험",".587327147645537","OK","130"
"2024-02-29","ALL","PBR(12MF)","A005850","에스엘",".697108923526338","OK","131"
"2024-02-29","ALL","PBR(12MF)","A005880","대한해운",".310810388177728","OK","132"
"2024-02-29","ALL","PBR(12MF)","A005930","삼성전자","1.12155145810606","OK","133"
"2024-02-29","ALL","PBR(12MF)","A005940","NH투자증권",".478854686002765","OK","134"
"2024-02-29","ALL","PBR(12MF)","A005950","이수화학","","BLANK","135"
"2024-02-29","ALL","PBR(12MF)","A006040","동원산업",".517951078924825","OK","136"
"2024-02-29","ALL","PBR(12MF)","A006110","삼아알미늄","","BLANK","137"
"2024-02-29","ALL","PBR(12MF)","A006120","SK디스커버리","","BLANK","138"
"2024-02-29","ALL","PBR(12MF)","A006220","제주은행","","BLANK","139"
"2024-02-29","ALL","PBR(12MF)","A006260","LS",".418928671345291","OK","140"
"2024-02-29","ALL","PBR(12MF)","A006280","녹십자",".873224448430188","OK","141"
"2024-02-29","ALL","PBR(12MF)","A006360","GS건설",".255617057608848","OK","142"
"2024-02-29","ALL","PBR(12MF)","A006400","삼성SDI","1.22472633193003","OK","143"
"2024-02-29","ALL","PBR(12MF)","A006650","대한유화",".488015984151664","OK","144"
"2024-02-29","ALL","PBR(12MF)","A006730","서부T&D","","BLANK","145"
"2024-02-29","ALL","PBR(12MF)","A006800","미래에셋증권",".454133172461489","OK","146"
"2024-02-29","ALL","PBR(12MF)","A007070","GS리테일",".483342132768269","OK","147"
"2024-02-29","ALL","PBR(12MF)","A007310","오뚜기",".720102150535994","OK","148"
"2024-02-29","ALL","PBR(12MF)","A007340","DN오토모티브","","BLANK","149"
"2024-02-29","ALL","PBR(12MF)","A007390","네이처셀","","BLANK","150"
"2024-02-29","ALL","PBR(12MF)","A007570","일양약품","","BLANK","151"
"2024-02-29","ALL","PBR(12MF)","A007660","이수페타시스","5.67853093605111","OK","152"
"2024-02-29","ALL","PBR(12MF)","A007690","국도화학",".404190896343788","OK","153"
"2024-02-29","ALL","PBR(12MF)","A007700","F&F홀딩스","","BLANK","154"
"2024-02-29","ALL","PBR(12MF)","A007810","코리아써키트","","BLANK","155"
"2024-02-29","ALL","PBR(12MF)","A008350","남선알미늄","","BLANK","156"
"2024-02-29","ALL","PBR(12MF)","A008490","서흥",".594118557967074","OK","157"
"2024-02-29","ALL","PBR(12MF)","A008730","율촌화학","","BLANK","158"
"2024-02-29","ALL","PBR(12MF)","A008770","호텔신라","2.928772726783","OK","159"
"2024-02-29","ALL","PBR(12MF)","A008930","한미사이언스","","BLANK","160"
"2024-02-29","ALL","PBR(12MF)","A009150","삼성전기","1.20505637834035","OK","161"
"2024-02-29","ALL","PBR(12MF)","A009160","SIMPAC","","BLANK","162"
"2024-02-29","ALL","PBR(12MF)","A009240","한샘","2.45790678352862","OK","163"
"2024-02-29","ALL","PBR(12MF)","A009290","광동제약","","BLANK","164"
"2024-02-29","ALL","PBR(12MF)","A009420","한올바이오파마","8.75839423015753","OK","165"
"2024-02-29","ALL","PBR(12MF)","A009450","경동나비엔","","BLANK","166"
"2024-02-29","ALL","PBR(12MF)","A009520","포스코엠텍","","BLANK","167"
"2024-02-29","ALL","PBR(12MF)","A009540","HD한국조선해양",".586235051630222","OK","168"
"2024-02-29","ALL","PBR(12MF)","A009680","모토닉","","BLANK","169"
"2024-02-29","ALL","PBR(12MF)","A009830","한화솔루션",".490167207577788","OK","170"
"2024-02-29","ALL","PBR(12MF)","A009900","명신산업","1.25437360722224","OK","171"
"2024-02-29","ALL","PBR(12MF)","A009970","영원무역홀딩스",".259607855625691","OK","172"
"2024-02-29","ALL","PBR(12MF)","A010060","OCI홀딩스",".423732591791046","OK","173"
"2024-02-29","ALL","PBR(12MF)","A010120","LS ELECTRIC","1.00753690642624","OK","174"
"2024-02-29","ALL","PBR(12MF)","A010130","고려아연",".921940699378106","OK","175"
"2024-02-29","ALL","PBR(12MF)","A010140","삼성중공업","1.65248208594871","OK","176"
"2024-02-29","ALL","PBR(12MF)","A010690","화신",".853869297594748","OK","177"
"2024-02-29","ALL","PBR(12MF)","A010780","아이에스동서",".440896985754636","OK","178"
"2024-02-29","ALL","PBR(12MF)","A010950","S-Oil",".846535766264086","OK","179"
"2024-02-29","ALL","PBR(12MF)","A011070","LG이노텍",".940698387979292","OK","180"
"2024-02-29","ALL","PBR(12MF)","A011170","롯데케미칼",".258486923942462","OK","181"
"2024-02-29","ALL","PBR(12MF)","A011200","HMM",".541792920160179","OK","182"
"2024-02-29","ALL","PBR(12MF)","A011210","현대위아",".408910178709577","OK","183"
"2024-02-29","ALL","PBR(12MF)","A011500","한농화성","","BLANK","184"
"2024-02-29","ALL","PBR(12MF)","A011780","금호석유화학",".692347490657501","OK","185"
"2024-02-29","ALL","PBR(12MF)","A011790","SKC","1.39547794540892","OK","186"
"2024-02-29","ALL","PBR(12MF)","A011810","STX","","BLANK","187"
"2024-02-29","ALL","PBR(12MF)","A011930","신성이엔지","1.5133806971404","OK","188"
"2024-02-29","ALL","PBR(12MF)","A012030","DB","","BLANK","189"
"2024-02-29","ALL","PBR(12MF)","A012330","현대모비스",".51384976588589","OK","190"
"2024-02-29","ALL","PBR(12MF)","A012450","한화에어로스페이스","1.81222168629313","OK","191"
"2024-02-29","ALL","PBR(12MF)","A012510","더존비즈온","2.85286219815446","OK","192"
"2024-02-29","ALL","PBR(12MF)","A012630","HDC","","BLANK","193"
"2024-02-29","ALL","PBR(12MF)","A012750","에스원","1.26381287372584","OK","194"
"2024-02-29","ALL","PBR(12MF)","A013030","하이록코리아",".71566531272099","OK","195"
"2024-02-29","ALL","PBR(12MF)","A013120","동원개발","","BLANK","196"
"2024-02-29","ALL","PBR(12MF)","A013890","지누스",".447892841656769","OK","197"
"2024-02-29","ALL","PBR(12MF)","A014620","성광벤드",".59770828644091","OK","198"
"2024-02-29","ALL","PBR(12MF)","A014680","한솔케미칼","1.81946423694651","OK","199"
"2024-02-29","ALL","PBR(12MF)","A014820","동원시스템즈","","BLANK","200"
"2024-02-29","ALL","PBR(12MF)","A014830","유니드",".542502399873984","OK","201"
"2024-02-29","ALL","PBR(12MF)","A015750","성우하이텍","","BLANK","202"
"2024-02-29","ALL","PBR(12MF)","A015760","한국전력",".385636395411632","OK","203"
"2024-02-29","ALL","PBR(12MF)","A016360","삼성증권",".510025246269748","OK","204"
"2024-02-29","ALL","PBR(12MF)","A016380","KG스틸","","BLANK","205"
"2024-02-29","ALL","PBR(12MF)","A016580","환인제약","","BLANK","206"
"2024-02-29","ALL","PBR(12MF)","A016800","퍼시스","","BLANK","207"
"2024-02-29","ALL","PBR(12MF)","A017390","서울가스","","BLANK","208"
"2024-02-29","ALL","PBR(12MF)","A017670","SK텔레콤",".837263548977092","OK","209"
"2024-02-29","ALL","PBR(12MF)","A017800","현대엘리베이터","","BLANK","210"
"2024-02-29","ALL","PBR(12MF)","A017810","풀무원",".705353375685557","OK","211"
"2024-02-29","ALL","PBR(12MF)","A017860","DS단석","","BLANK","212"
"2024-02-29","ALL","PBR(12MF)","A017940","E1",".241245246726809","OK","213"
"2024-02-29","ALL","PBR(12MF)","A017960","한국카본","1.06570505315981","OK","214"
"2024-02-29","ALL","PBR(12MF)","A018250","애경산업",".978494435356544","OK","215"
"2024-02-29","ALL","PBR(12MF)","A018260","삼성에스디에스","1.27288904095971","OK","216"
"2024-02-29","ALL","PBR(12MF)","A018290","브이티","3.22941819009767","OK","217"
"2024-02-29","ALL","PBR(12MF)","A018310","삼목에스폼","","BLANK","218"
"2024-02-29","ALL","PBR(12MF)","A018470","조일알미늄","","BLANK","219"
"2024-02-29","ALL","PBR(12MF)","A018670","SK가스",".521089134585977","OK","220"
"2024-02-29","ALL","PBR(12MF)","A018880","한온시스템","1.15133091443547","OK","221"
"2024-02-29","ALL","PBR(12MF)","A019170","신풍제약","","BLANK","222"
"2024-02-29","ALL","PBR(12MF)","A020000","한섬",".320047252994089","OK","223"
"2024-02-29","ALL","PBR(12MF)","A020150","롯데에너지머티리얼즈",".79396885021064","OK","224"
"2024-02-29","ALL","PBR(12MF)","A020560","아시아나항공","1.16897489478574","OK","225"
"2024-02-29","ALL","PBR(12MF)","A021240","코웨이","1.27937308486878","OK","226"
"2024-02-29","ALL","PBR(12MF)","A022100","포스코DX","","BLANK","227"
"2024-02-29","ALL","PBR(12MF)","A023160","태광",".554442864418531","OK","228"
"2024-02-29","ALL","PBR(12MF)","A023410","유진기업","","BLANK","229"
"2024-02-29","ALL","PBR(12MF)","A023530","롯데쇼핑",".195017461293249","OK","230"
"2024-02-29","ALL","PBR(12MF)","A023590","다우기술","","BLANK","231"
"2024-02-29","ALL","PBR(12MF)","A024110","기업은행",".328716893316612","OK","232"
"2024-02-29","ALL","PBR(12MF)","A024720","콜마홀딩스","","BLANK","233"
"2024-02-29","ALL","PBR(12MF)","A025320","시노펙스","4.81788881642873","OK","234"
"2024-02-29","ALL","PBR(12MF)","A025540","한국단자",".641117404811487","OK","235"
"2024-02-29","ALL","PBR(12MF)","A025770","한국정보통신","","BLANK","236"
"2024-02-29","ALL","PBR(12MF)","A025860","남해화학","","BLANK","237"
"2024-02-29","ALL","PBR(12MF)","A025900","동화기업","","BLANK","238"
"2024-02-29","ALL","PBR(12MF)","A025980","아난티","","BLANK","239"
"2024-02-29","ALL","PBR(12MF)","A026890","스틱인베스트먼트","","BLANK","240"
"2024-02-29","ALL","PBR(12MF)","A026960","동서","","BLANK","241"
"2024-02-29","ALL","PBR(12MF)","A027360","아주IB투자","","BLANK","242"
"2024-02-29","ALL","PBR(12MF)","A027410","BGF",".191897291648732","OK","243"
"2024-02-29","ALL","PBR(12MF)","A028050","삼성E&A","1.25704427891753","OK","244"
"2024-02-29","ALL","PBR(12MF)","A028260","삼성물산",".739951974687724","OK","245"
"2024-02-29","ALL","PBR(12MF)","A028300","HLB","","BLANK","246"
"2024-02-29","ALL","PBR(12MF)","A028670","팬오션",".491025137300727","OK","247"
"2024-02-29","ALL","PBR(12MF)","A029460","케이씨","","BLANK","248"
"2024-02-29","ALL","PBR(12MF)","A029530","신도리코","","BLANK","249"
"2024-02-29","ALL","PBR(12MF)","A029780","삼성카드",".503495226542016","OK","250"
"2024-02-29","ALL","PBR(12MF)","A030000","제일기획","1.40326769739683","OK","251"
"2024-02-29","ALL","PBR(12MF)","A030190","NICE평가정보","1.60534428542342","OK","252"
"2024-02-29","ALL","PBR(12MF)","A030200","KT",".504572493673677","OK","253"
"2024-02-29","ALL","PBR(12MF)","A030520","한컴",".996070735282289","OK","254"
"2024-02-29","ALL","PBR(12MF)","A030530","원익홀딩스","","BLANK","255"
"2024-02-29","ALL","PBR(12MF)","A030610","교보증권","","BLANK","256"
"2024-02-29","ALL","PBR(12MF)","A031330","에스에이엠티","","BLANK","257"
"2024-02-29","ALL","PBR(12MF)","A031430","신세계인터내셔날",".64198536154736","OK","258"
"2024-02-29","ALL","PBR(12MF)","A031980","피에스케이홀딩스","2.35462147277076","OK","259"
"2024-02-29","ALL","PBR(12MF)","A032190","다우데이타","","BLANK","260"
"2024-02-29","ALL","PBR(12MF)","A032350","롯데관광개발","9.49673328315016","OK","261"
"2024-02-29","ALL","PBR(12MF)","A032500","케이엠더블유","","BLANK","262"
"2024-02-29","ALL","PBR(12MF)","A032620","GC메디아이","","BLANK","263"
"2024-02-29","ALL","PBR(12MF)","A032640","LG유플러스",".482821851749646","OK","264"
"2024-02-29","ALL","PBR(12MF)","A032830","삼성생명",".415212093689065","OK","265"
"2024-02-29","ALL","PBR(12MF)","A033100","제룡전기","","BLANK","266"
"2024-02-29","ALL","PBR(12MF)","A033160","엠케이전자","","BLANK","267"
"2024-02-29","ALL","PBR(12MF)","A033240","자화전자","1.51956587747997","OK","268"
"2024-02-29","ALL","PBR(12MF)","A033270","유나이티드제약","","BLANK","269"
"2024-02-29","ALL","PBR(12MF)","A033500","동성화인텍","1.90947963291741","OK","270"
"2024-02-29","ALL","PBR(12MF)","A033640","네패스","","BLANK","271"
"2024-02-29","ALL","PBR(12MF)","A033780","KT&G","1.22447370493406","OK","272"
"2024-02-29","ALL","PBR(12MF)","A034020","두산에너빌리티",".910186750921717","OK","273"
"2024-02-29","ALL","PBR(12MF)","A034120","SBS",".478629491248771","OK","274"
"2024-02-29","ALL","PBR(12MF)","A034220","LG디스플레이",".493814153127749","OK","275"
"2024-02-29","ALL","PBR(12MF)","A034230","파라다이스",".613719891696865","OK","276"
"2024-02-29","ALL","PBR(12MF)","A034310","NICE","","BLANK","277"
"2024-02-29","ALL","PBR(12MF)","A034730","SK",".173868900247358","OK","278"
"2024-02-29","ALL","PBR(12MF)","A034810","해성산업","","BLANK","279"
"2024-02-29","ALL","PBR(12MF)","A034830","한국토지신탁","","BLANK","280"
"2024-02-29","ALL","PBR(12MF)","A034950","한국기업평가","","BLANK","281"
"2024-02-29","ALL","PBR(12MF)","A035150","백산","1.01641002649745","OK","282"
"2024-02-29","ALL","PBR(12MF)","A035250","강원랜드",".95290856812238","OK","283"
"2024-02-29","ALL","PBR(12MF)","A035420","NAVER","1.25318716728299","OK","284"
"2024-02-29","ALL","PBR(12MF)","A035600","KG이니시스",".50122100857554","OK","285"
"2024-02-29","ALL","PBR(12MF)","A035720","카카오","1.46913920150477","OK","286"
"2024-02-29","ALL","PBR(12MF)","A035760","CJ ENM",".421279411325612","OK","287"
"2024-02-29","ALL","PBR(12MF)","A035890","서희건설","","BLANK","288"
"2024-02-29","ALL","PBR(12MF)","A035900","JYP Ent.","5.04261315823827","OK","289"
"2024-02-29","ALL","PBR(12MF)","A036030","케이티알파","","BLANK","290"
"2024-02-29","ALL","PBR(12MF)","A036220","오상헬스케어","","BLANK","291"
"2024-02-29","ALL","PBR(12MF)","A036460","한국가스공사",".240909488365047","OK","292"
"2024-02-29","ALL","PBR(12MF)","A036530","SNT홀딩스",".172622198404529","OK","293"
"2024-02-29","ALL","PBR(12MF)","A036540","SFA반도체","1.92114460072411","OK","294"
"2024-02-29","ALL","PBR(12MF)","A036570","NC","1.27287616637274","OK","295"
"2024-02-29","ALL","PBR(12MF)","A036620","감성코퍼레이션","2.30096543386795","OK","296"
"2024-02-29","ALL","PBR(12MF)","A036810","에프에스티","","BLANK","297"
"2024-02-29","ALL","PBR(12MF)","A036830","솔브레인홀딩스","","BLANK","298"
"2024-02-29","ALL","PBR(12MF)","A036930","주성엔지니어링","3.07994098861738","OK","299"
"2024-02-29","ALL","PBR(12MF)","A037270","YG PLUS","","BLANK","300"
"2024-02-29","ALL","PBR(12MF)","A037560","LG헬로비전",".410717065607631","OK","301"
"2024-02-29","ALL","PBR(12MF)","A038500","삼표시멘트","","BLANK","302"
"2024-02-29","ALL","PBR(12MF)","A039030","이오테크닉스","4.09159526929368","OK","303"
"2024-02-29","ALL","PBR(12MF)","A039130","하나투어","5.01591079522135","OK","304"
"2024-02-29","ALL","PBR(12MF)","A039200","오스코텍","","BLANK","305"
"2024-02-29","ALL","PBR(12MF)","A039440","에스티아이","1.84695197638041","OK","306"
"2024-02-29","ALL","PBR(12MF)","A039490","키움증권",".570867845627866","OK","307"
"2024-02-29","ALL","PBR(12MF)","A039840","디오","1.44023614463794","OK","308"
"2024-02-29","ALL","PBR(12MF)","A041020","폴라리스오피스","","BLANK","309"
"2024-02-29","ALL","PBR(12MF)","A041190","우리기술투자","","BLANK","310"
"2024-02-29","ALL","PBR(12MF)","A041510","에스엠","1.6949007850749","OK","311"
"2024-02-29","ALL","PBR(12MF)","A041830","인바디","1.31412428986507","OK","312"
"2024-02-29","ALL","PBR(12MF)","A041960","코미팜","","BLANK","313"
"2024-02-29","ALL","PBR(12MF)","A042000","카페24","","BLANK","314"
"2024-02-29","ALL","PBR(12MF)","A042600","새로닉스","","BLANK","315"
"2024-02-29","ALL","PBR(12MF)","A042660","한화오션","2.48556137510238","OK","316"
"2024-02-29","ALL","PBR(12MF)","A042700","한미반도체","11.7781716468232","OK","317"
"2024-02-29","ALL","PBR(12MF)","A043150","바텍",".938565082997165","OK","318"
"2024-02-29","ALL","PBR(12MF)","A044490","태웅","","BLANK","319"
"2024-02-29","ALL","PBR(12MF)","A045100","한양이엔지","","BLANK","320"
"2024-02-29","ALL","PBR(12MF)","A046890","서울반도체",".788881472796017","OK","321"
"2024-02-29","ALL","PBR(12MF)","A047040","대우건설",".37308908506137","OK","322"
"2024-02-29","ALL","PBR(12MF)","A047050","포스코인터내셔널","1.35761379469389","OK","323"
"2024-02-29","ALL","PBR(12MF)","A047310","파워로직스","","BLANK","324"
"2024-02-29","ALL","PBR(12MF)","A047560","이스트소프트","","BLANK","325"
"2024-02-29","ALL","PBR(12MF)","A047810","한국항공우주","2.88809559263335","OK","326"
"2024-02-29","ALL","PBR(12MF)","A047920","HLB제약","","BLANK","327"
"2024-02-29","ALL","PBR(12MF)","A048410","현대바이오","","BLANK","328"
"2024-02-29","ALL","PBR(12MF)","A049070","인탑스","","BLANK","329"
"2024-02-29","ALL","PBR(12MF)","A050890","쏠리드","","BLANK","330"
"2024-02-29","ALL","PBR(12MF)","A051360","토비스",".936938874229465","OK","331"
"2024-02-29","ALL","PBR(12MF)","A051370","인터플렉스","1.29202766083409","OK","332"
"2024-02-29","ALL","PBR(12MF)","A051500","CJ프레시웨이",".64128305004637","OK","333"
"2024-02-29","ALL","PBR(12MF)","A051600","한전KPS","1.17779420557059","OK","334"
"2024-02-29","ALL","PBR(12MF)","A051900","LG생활건강",".84588011523969","OK","335"
"2024-02-29","ALL","PBR(12MF)","A051910","LG화학",".738889038101816","OK","336"
"2024-02-29","ALL","PBR(12MF)","A051980","중앙첨단소재","","BLANK","337"
"2024-02-29","ALL","PBR(12MF)","A052020","에스티큐브","","BLANK","338"
"2024-02-29","ALL","PBR(12MF)","A052690","한전기술","4.56829410005535","OK","339"
"2024-02-29","ALL","PBR(12MF)","A053030","바이넥스","1.66513015106286","OK","340"
"2024-02-29","ALL","PBR(12MF)","A053210","스카이라이프",".289868983782077","OK","341"
"2024-02-29","ALL","PBR(12MF)","A053610","프로텍","1.470627398675","OK","342"
"2024-02-29","ALL","PBR(12MF)","A053800","안랩","","BLANK","343"
"2024-02-29","ALL","PBR(12MF)","A054450","텔레칩스","1.81032080673458","OK","344"
"2024-02-29","ALL","PBR(12MF)","A054950","제이브이엠","1.65166053012668","OK","345"
"2024-02-29","ALL","PBR(12MF)","A055550","신한지주",".364828847083697","OK","346"
"2024-02-29","ALL","PBR(12MF)","A056080","유진로봇","","BLANK","347"
"2024-02-29","ALL","PBR(12MF)","A056190","SFA",".526597480209553","OK","348"
"2024-02-29","ALL","PBR(12MF)","A057050","현대홈쇼핑",".259552701303576","OK","349"
"2024-02-29","ALL","PBR(12MF)","A058430","포스코스틸리온","","BLANK","350"
"2024-02-29","ALL","PBR(12MF)","A058470","리노공업","5.15626302008089","OK","351"
"2024-02-29","ALL","PBR(12MF)","A058610","에스피지","","BLANK","352"
"2024-02-29","ALL","PBR(12MF)","A058650","세아홀딩스","","BLANK","353"
"2024-02-29","ALL","PBR(12MF)","A058820","CMG제약","","BLANK","354"
"2024-02-29","ALL","PBR(12MF)","A058970","엠로","","BLANK","355"
"2024-02-29","ALL","PBR(12MF)","A059090","미코","","BLANK","356"
"2024-02-29","ALL","PBR(12MF)","A060150","인선이엔티","","BLANK","357"
"2024-02-29","ALL","PBR(12MF)","A060250","NHN KCP","2.09292133396412","OK","358"
"2024-02-29","ALL","PBR(12MF)","A060280","큐렉소","","BLANK","359"
"2024-02-29","ALL","PBR(12MF)","A060720","KH바텍","1.06275519686713","OK","360"
"2024-02-29","ALL","PBR(12MF)","A060980","HL홀딩스",".305982442471187","OK","361"
"2024-02-29","ALL","PBR(12MF)","A061970","LB세미콘","","BLANK","362"
"2024-02-29","ALL","PBR(12MF)","A064260","다날","","BLANK","363"
"2024-02-29","ALL","PBR(12MF)","A064290","인텍플러스","6.80809516336543","OK","364"
"2024-02-29","ALL","PBR(12MF)","A064350","현대로템","1.98154701710224","OK","365"
"2024-02-29","ALL","PBR(12MF)","A064550","바이오니아","","BLANK","366"
"2024-02-29","ALL","PBR(12MF)","A064760","티씨케이","2.11387711490202","OK","367"
"2024-02-29","ALL","PBR(12MF)","A064960","SNT모티브",".616892192042979","OK","368"
"2024-02-29","ALL","PBR(12MF)","A065350","신성델타테크","","BLANK","369"
"2024-02-29","ALL","PBR(12MF)","A066570","LG전자",".595266273300219","OK","370"
"2024-02-29","ALL","PBR(12MF)","A066970","엘앤에프","4.34297408135635","OK","371"
"2024-02-29","ALL","PBR(12MF)","A067160","SOOP","3.97267486254229","OK","372"
"2024-02-29","ALL","PBR(12MF)","A067310","하나마이크론","1.8066092124755","OK","373"
"2024-02-29","ALL","PBR(12MF)","A067630","HLB생명과학","","BLANK","374"
"2024-02-29","ALL","PBR(12MF)","A068240","다원시스","","BLANK","375"
"2024-02-29","ALL","PBR(12MF)","A068270","셀트리온","","BLANK","376"
"2024-02-29","ALL","PBR(12MF)","A068760","셀트리온제약","","BLANK","377"
"2024-02-29","ALL","PBR(12MF)","A069080","웹젠",".861518441807336","OK","378"
"2024-02-29","ALL","PBR(12MF)","A069260","TKG휴켐스",".874656836721194","OK","379"
"2024-02-29","ALL","PBR(12MF)","A069620","대웅제약","1.39050947005427","OK","380"
"2024-02-29","ALL","PBR(12MF)","A069960","현대백화점",".184359044794027","OK","381"
"2024-02-29","ALL","PBR(12MF)","A071050","한국금융지주",".428141979462762","OK","382"
"2024-02-29","ALL","PBR(12MF)","A071320","지역난방공사",".27628679714252","OK","383"
"2024-02-29","ALL","PBR(12MF)","A071970","HD현대마린엔진","1.39466441186609","OK","384"
"2024-02-29","ALL","PBR(12MF)","A072710","농심홀딩스","","BLANK","385"
"2024-02-29","ALL","PBR(12MF)","A073240","금호타이어","1.16755370001371","OK","386"
"2024-02-29","ALL","PBR(12MF)","A074600","원익QnC","1.31095710517197","OK","387"
"2024-02-29","ALL","PBR(12MF)","A075580","세진중공업","","BLANK","388"
"2024-02-29","ALL","PBR(12MF)","A077360","덕산하이메탈","","BLANK","389"
"2024-02-29","ALL","PBR(12MF)","A077970","STX엔진","1.0793890259664","OK","390"
"2024-02-29","ALL","PBR(12MF)","A078130","국일제지","","BLANK","391"
"2024-02-29","ALL","PBR(12MF)","A078340","컴투스",".398030882600745","OK","392"
"2024-02-29","ALL","PBR(12MF)","A078600","대주전자재료","8.97966047074116","OK","393"
"2024-02-29","ALL","PBR(12MF)","A078930","GS",".235533695812951","OK","394"
"2024-02-29","ALL","PBR(12MF)","A079160","CJ CGV","1.26229932915442","OK","395"
"2024-02-29","ALL","PBR(12MF)","A079370","제우스","1.6664749217985","OK","396"
"2024-02-29","ALL","PBR(12MF)","A079550","LIG디펜스앤에어로스페이스","2.55455464816884","OK","397"
"2024-02-29","ALL","PBR(12MF)","A079810","APS이노베이션","","BLANK","398"
"2024-02-29","ALL","PBR(12MF)","A080160","모두투어","2.77178744676312","OK","399"
"2024-02-29","ALL","PBR(12MF)","A080220","제주반도체","","BLANK","400"
"2024-02-29","ALL","PBR(12MF)","A081660","미스토홀딩스",".789952649920297","OK","401"
"2024-02-29","ALL","PBR(12MF)","A082270","젬백스","","BLANK","402"
"2024-02-29","ALL","PBR(12MF)","A082640","동양생명",".267757375117454","OK","403"
"2024-02-29","ALL","PBR(12MF)","A082740","한화엔진","2.566051958515","OK","404"
"2024-02-29","ALL","PBR(12MF)","A082920","비츠로셀","","BLANK","405"
"2024-02-29","ALL","PBR(12MF)","A083310","엘오티베큠","","BLANK","406"
"2024-02-29","ALL","PBR(12MF)","A083450","GST","1.40887876355471","OK","407"
"2024-02-29","ALL","PBR(12MF)","A083650","비에이치아이","","BLANK","408"
"2024-02-29","ALL","PBR(12MF)","A083790","CG인바이츠","","BLANK","409"
"2024-02-29","ALL","PBR(12MF)","A084010","대한제강",".349337338085175","OK","410"
"2024-02-29","ALL","PBR(12MF)","A084110","휴온스글로벌","","BLANK","411"
"2024-02-29","ALL","PBR(12MF)","A084370","유진테크","2.1163193088691","OK","412"
"2024-02-29","ALL","PBR(12MF)","A084650","랩지노믹스","","BLANK","413"
"2024-02-29","ALL","PBR(12MF)","A084680","이월드","","BLANK","414"
"2024-02-29","ALL","PBR(12MF)","A084690","대상홀딩스","","BLANK","415"
"2024-02-29","ALL","PBR(12MF)","A084850","아이티엠반도체","2.31969101668118","OK","416"
"2024-02-29","ALL","PBR(12MF)","A085620","미래에셋생명",".272876365912436","OK","417"
"2024-02-29","ALL","PBR(12MF)","A085660","차바이오텍","","BLANK","418"
"2024-02-29","ALL","PBR(12MF)","A086280","현대글로비스",".813246899744701","OK","419"
"2024-02-29","ALL","PBR(12MF)","A086390","유니테스트","","BLANK","420"
"2024-02-29","ALL","PBR(12MF)","A086450","동국제약","1.18749835535478","OK","421"
"2024-02-29","ALL","PBR(12MF)","A086520","에코프로","","BLANK","422"
"2024-02-29","ALL","PBR(12MF)","A086790","하나금융지주",".374648231837294","OK","423"
"2024-02-29","ALL","PBR(12MF)","A086900","메디톡스","2.1702956882693","OK","424"
"2024-02-29","ALL","PBR(12MF)","A087010","펩트론","","BLANK","425"
"2024-02-29","ALL","PBR(12MF)","A088350","한화생명",".155349217451282","OK","426"
"2024-02-29","ALL","PBR(12MF)","A089010","켐트로닉스","","BLANK","427"
"2024-02-29","ALL","PBR(12MF)","A089030","테크윙","3.20364606632626","OK","428"
"2024-02-29","ALL","PBR(12MF)","A089590","제주항공","2.07176710492554","OK","429"
"2024-02-29","ALL","PBR(12MF)","A089600","KT나스미디어","1.00290994461732","OK","430"
"2024-02-29","ALL","PBR(12MF)","A089860","롯데렌탈",".647764149517103","OK","431"
"2024-02-29","ALL","PBR(12MF)","A089890","코세스","2.52151666644928","OK","432"
"2024-02-29","ALL","PBR(12MF)","A089970","브이엠","","BLANK","433"
"2024-02-29","ALL","PBR(12MF)","A089980","상아프론테크","","BLANK","434"
"2024-02-29","ALL","PBR(12MF)","A090360","로보스타","","BLANK","435"
"2024-02-29","ALL","PBR(12MF)","A090430","아모레퍼시픽","1.36008154180562","OK","436"
"2024-02-29","ALL","PBR(12MF)","A090460","비에이치",".789002155458482","OK","437"
"2024-02-29","ALL","PBR(12MF)","A091120","이엠텍","","BLANK","438"
"2024-02-29","ALL","PBR(12MF)","A091700","파트론",".837532762472896","OK","439"
"2024-02-29","ALL","PBR(12MF)","A091810","트리니티항공","2.65432944382898","OK","440"
"2024-02-29","ALL","PBR(12MF)","A092040","아미코젠","","BLANK","441"
"2024-02-29","ALL","PBR(12MF)","A092220","KEC","","BLANK","442"
"2024-02-29","ALL","PBR(12MF)","A093050","LF","","BLANK","443"
"2024-02-29","ALL","PBR(12MF)","A093320","케이아이엔엑스","","BLANK","444"
"2024-02-29","ALL","PBR(12MF)","A093370","후성","","BLANK","445"
"2024-02-29","ALL","PBR(12MF)","A093520","매커스","","BLANK","446"
"2024-02-29","ALL","PBR(12MF)","A093640","케이알엠","","BLANK","447"
"2024-02-29","ALL","PBR(12MF)","A094170","동운아나텍","","BLANK","448"
"2024-02-29","ALL","PBR(12MF)","A094360","칩스앤미디어","10.7971222150931","OK","449"
"2024-02-29","ALL","PBR(12MF)","A094480","갤럭시아머니트리","","BLANK","450"
"2024-02-29","ALL","PBR(12MF)","A095340","ISC","4.48286763863078","OK","451"
"2024-02-29","ALL","PBR(12MF)","A095500","미래나노텍","","BLANK","452"
"2024-02-29","ALL","PBR(12MF)","A095610","테스","1.167746751755","OK","453"
"2024-02-29","ALL","PBR(12MF)","A095660","네오위즈",".873566602913118","OK","454"
"2024-02-29","ALL","PBR(12MF)","A095700","제넥신","","BLANK","455"
"2024-02-29","ALL","PBR(12MF)","A095720","웅진씽크빅",".756159261488853","OK","456"
"2024-02-29","ALL","PBR(12MF)","A096250","와이즈넛","","BLANK","457"
"2024-02-29","ALL","PBR(12MF)","A096530","씨젠","1.22098647779821","OK","458"
"2024-02-29","ALL","PBR(12MF)","A096770","SK이노베이션",".390091706205277","OK","459"
"2024-02-29","ALL","PBR(12MF)","A097230","HJ중공업","","BLANK","460"
"2024-02-29","ALL","PBR(12MF)","A097520","엠씨넥스","1.26634390718328","OK","461"
"2024-02-29","ALL","PBR(12MF)","A097950","CJ제일제당",".355595072550583","OK","462"
"2024-02-29","ALL","PBR(12MF)","A098460","고영","3.62998983853249","OK","463"
"2024-02-29","ALL","PBR(12MF)","A099190","아이센스","1.93953859928202","OK","464"
"2024-02-29","ALL","PBR(12MF)","A099320","쎄트렉아이","","BLANK","465"
"2024-02-29","ALL","PBR(12MF)","A099430","바이오플러스","","BLANK","466"
"2024-02-29","ALL","PBR(12MF)","A100090","SK오션플랜트","1.02109691399537","OK","467"
"2024-02-29","ALL","PBR(12MF)","A100120","뷰웍스","1.18623155658948","OK","468"
"2024-02-29","ALL","PBR(12MF)","A100790","미래에셋벤처투자","","BLANK","469"
"2024-02-29","ALL","PBR(12MF)","A101160","월덱스","","BLANK","470"
"2024-02-29","ALL","PBR(12MF)","A101360","에코앤드림","","BLANK","471"
"2024-02-29","ALL","PBR(12MF)","A101490","에스앤에스텍","3.74510951308728","OK","472"
"2024-02-29","ALL","PBR(12MF)","A101670","하이드로리튬","","BLANK","473"
"2024-02-29","ALL","PBR(12MF)","A101730","위메이드맥스","","BLANK","474"
"2024-02-29","ALL","PBR(12MF)","A102120","어보브반도체","","BLANK","475"
"2024-02-29","ALL","PBR(12MF)","A102460","이연제약","","BLANK","476"
"2024-02-29","ALL","PBR(12MF)","A102710","이엔에프테크놀로지","","BLANK","477"
"2024-02-29","ALL","PBR(12MF)","A103140","풍산",".566827404329214","OK","478"
"2024-02-29","ALL","PBR(12MF)","A103590","일진전기","","BLANK","479"
"2024-02-29","ALL","PBR(12MF)","A104700","한국철강",".335629948244297","OK","480"
"2024-02-29","ALL","PBR(12MF)","A104830","원익머트리얼즈",".781021906970431","OK","481"
"2024-02-29","ALL","PBR(12MF)","A105560","KB금융",".399922781513219","OK","482"
"2024-02-29","ALL","PBR(12MF)","A105630","한세실업","1.14962004889845","OK","483"
"2024-02-29","ALL","PBR(12MF)","A107600","새빗켐","","BLANK","484"
"2024-02-29","ALL","PBR(12MF)","A108230","톱텍","","BLANK","485"
"2024-02-29","ALL","PBR(12MF)","A108320","LX세미콘","1.10759569655999","OK","486"
"2024-02-29","ALL","PBR(12MF)","A108490","로보티즈","","BLANK","487"
"2024-02-29","ALL","PBR(12MF)","A108670","LX하우시스",".402452658353778","OK","488"
"2024-02-29","ALL","PBR(12MF)","A108860","셀바스AI","3.10070089153769","OK","489"
"2024-02-29","ALL","PBR(12MF)","A110990","디아이티","","BLANK","490"
"2024-02-29","ALL","PBR(12MF)","A111770","영원무역",".486878845322653","OK","491"
"2024-02-29","ALL","PBR(12MF)","A112040","위메이드","2.62895542103227","OK","492"
"2024-02-29","ALL","PBR(12MF)","A112610","씨에스윈드","1.92288281529243","OK","493"
"2024-02-29","ALL","PBR(12MF)","A114090","GKL","1.57093738010732","OK","494"
"2024-02-29","ALL","PBR(12MF)","A114190","강원에너지","","BLANK","495"
"2024-02-29","ALL","PBR(12MF)","A114810","한솔아이원스","","BLANK","496"
"2024-02-29","ALL","PBR(12MF)","A114840","아이패밀리에스씨","","BLANK","497"
"2024-02-29","ALL","PBR(12MF)","A115450","HLB테라퓨틱스","","BLANK","498"
"2024-02-29","ALL","PBR(12MF)","A117730","티로보틱스","","BLANK","499"
"2024-02-29","ALL","PBR(12MF)","A118990","모트렉스","","BLANK","500"
"2024-02-29","ALL","PBR(12MF)","A119610","인터로조","1.51531286948844","OK","501"
"2024-02-29","ALL","PBR(12MF)","A120110","코오롱인더",".345117910725858","OK","502"
"2024-02-29","ALL","PBR(12MF)","A121600","나노신소재","7.38311330104461","OK","503"
"2024-02-29","ALL","PBR(12MF)","A121800","비덴트","","BLANK","504"
"2024-02-29","ALL","PBR(12MF)","A122640","예스티","","BLANK","505"
"2024-02-29","ALL","PBR(12MF)","A122870","와이지엔터테인먼트","1.20017264295921","OK","506"
"2024-02-29","ALL","PBR(12MF)","A122900","아이마켓코리아","","BLANK","507"
"2024-02-29","ALL","PBR(12MF)","A123860","아나패스","","BLANK","508"
"2024-02-29","ALL","PBR(12MF)","A123890","한국자산신탁",".372392724238391","OK","509"
"2024-02-29","ALL","PBR(12MF)","A124500","아이티센글로벌","","BLANK","510"
"2024-02-29","ALL","PBR(12MF)","A126340","비나텍","","BLANK","511"
"2024-02-29","ALL","PBR(12MF)","A126560","현대퓨처넷","","BLANK","512"
"2024-02-29","ALL","PBR(12MF)","A126700","하이비젼시스템","1.09343470635049","OK","513"
"2024-02-29","ALL","PBR(12MF)","A126720","수산인더스트리","","BLANK","514"
"2024-02-29","ALL","PBR(12MF)","A128940","한미약품","3.3976148360024","OK","515"
"2024-02-29","ALL","PBR(12MF)","A130660","한전산업","","BLANK","516"
"2024-02-29","ALL","PBR(12MF)","A131290","티에스이","1.7789334861442","OK","517"
"2024-02-29","ALL","PBR(12MF)","A131970","두산테스나","1.85867249566193","OK","518"
"2024-02-29","ALL","PBR(12MF)","A136480","하림","","BLANK","519"
"2024-02-29","ALL","PBR(12MF)","A137310","에스디바이오센서","","BLANK","520"
"2024-02-29","ALL","PBR(12MF)","A137400","피엔티","","BLANK","521"
"2024-02-29","ALL","PBR(12MF)","A138040","메리츠금융지주","1.37532466698516","OK","522"
"2024-02-29","ALL","PBR(12MF)","A138930","BNK금융지주",".208080447294292","OK","523"
"2024-02-29","ALL","PBR(12MF)","A139130","iM금융지주",".212500088680007","OK","524"
"2024-02-29","ALL","PBR(12MF)","A139480","이마트",".150094433063109","OK","525"
"2024-02-29","ALL","PBR(12MF)","A140410","메지온","","BLANK","526"
"2024-02-29","ALL","PBR(12MF)","A140860","파크시스템스","6.75281926015677","OK","527"
"2024-02-29","ALL","PBR(12MF)","A141080","리가켐바이오","9.65129295236372","OK","528"
"2024-02-29","ALL","PBR(12MF)","A144510","지씨셀","","BLANK","529"
"2024-02-29","ALL","PBR(12MF)","A145020","휴젤","2.41386170336245","OK","530"
"2024-02-29","ALL","PBR(12MF)","A145720","덴티움","2.87444112321464","OK","531"
"2024-02-29","ALL","PBR(12MF)","A145990","삼양사","","BLANK","532"
"2024-02-29","ALL","PBR(12MF)","A146320","비씨엔씨","","BLANK","533"
"2024-02-29","ALL","PBR(12MF)","A148150","세경하이테크","1.4063536449651","OK","534"
"2024-02-29","ALL","PBR(12MF)","A151860","KG에코솔루션","","BLANK","535"
"2024-02-29","ALL","PBR(12MF)","A161000","애경케미칼","","BLANK","536"
"2024-02-29","ALL","PBR(12MF)","A161390","한국타이어앤테크놀로지",".638148162401448","OK","537"
"2024-02-29","ALL","PBR(12MF)","A161580","필옵틱스","","BLANK","538"
"2024-02-29","ALL","PBR(12MF)","A161890","한국콜마",".672952121273944","OK","539"
"2024-02-29","ALL","PBR(12MF)","A166090","하나머티리얼즈","2.12364037763305","OK","540"
"2024-02-29","ALL","PBR(12MF)","A166480","코아스템켐온","","BLANK","541"
"2024-02-29","ALL","PBR(12MF)","A170900","동아에스티",".878615408265171","OK","542"
"2024-02-29","ALL","PBR(12MF)","A174900","앱클론","","BLANK","543"
"2024-02-29","ALL","PBR(12MF)","A175330","JB금융지주",".449104451773449","OK","544"
"2024-02-29","ALL","PBR(12MF)","A178320","서진시스템","1.31702961135234","OK","545"
"2024-02-29","ALL","PBR(12MF)","A178920","PI첨단소재","1.78404815911541","OK","546"
"2024-02-29","ALL","PBR(12MF)","A179900","유티아이","","BLANK","547"
"2024-02-29","ALL","PBR(12MF)","A180640","한진칼","","BLANK","548"
"2024-02-29","ALL","PBR(12MF)","A181710","NHN",".431081636567119","OK","549"
"2024-02-29","ALL","PBR(12MF)","A183190","아세아시멘트",".385527171283695","OK","550"
"2024-02-29","ALL","PBR(12MF)","A183300","코미코","2.11613187506414","OK","551"
"2024-02-29","ALL","PBR(12MF)","A185750","종근당","1.75136397032676","OK","552"
"2024-02-29","ALL","PBR(12MF)","A189300","인텔리안테크","1.885304564624","OK","553"
"2024-02-29","ALL","PBR(12MF)","A190510","나무가","1.47655349331624","OK","554"
"2024-02-29","ALL","PBR(12MF)","A192080","더블유게임즈",".736403474959378","OK","555"
"2024-02-29","ALL","PBR(12MF)","A192400","쿠쿠홀딩스","","BLANK","556"
"2024-02-29","ALL","PBR(12MF)","A192650","드림텍","1.24782097311959","OK","557"
"2024-02-29","ALL","PBR(12MF)","A192820","코스맥스","2.06679546912409","OK","558"
"2024-02-29","ALL","PBR(12MF)","A194480","데브시스터즈","2.4145711901258","OK","559"
"2024-02-29","ALL","PBR(12MF)","A195870","해성디에스","1.29699575788292","OK","560"
"2024-02-29","ALL","PBR(12MF)","A195940","HK이노엔",".855010248431865","OK","561"
"2024-02-29","ALL","PBR(12MF)","A196170","알테오젠","45.1188524110645","OK","562"
"2024-02-29","ALL","PBR(12MF)","A199800","툴젠","","BLANK","563"
"2024-02-29","ALL","PBR(12MF)","A200130","콜마비앤에이치","1.0422870959672","OK","564"
"2024-02-29","ALL","PBR(12MF)","A200670","휴메딕스","1.3750736009611","OK","565"
"2024-02-29","ALL","PBR(12MF)","A200710","에이디테크놀로지","","BLANK","566"
"2024-02-29","ALL","PBR(12MF)","A200880","서연이화","","BLANK","567"
"2024-02-29","ALL","PBR(12MF)","A204270","제이앤티씨","1.6448611609838","OK","568"
"2024-02-29","ALL","PBR(12MF)","A204320","HL만도",".590764054072835","OK","569"
"2024-02-29","ALL","PBR(12MF)","A204620","글로벌텍스프리","1.8963523521776","OK","570"
"2024-02-29","ALL","PBR(12MF)","A206640","바디텍메드","1.65940967931825","OK","571"
"2024-02-29","ALL","PBR(12MF)","A206650","유바이오로직스","","BLANK","572"
"2024-02-29","ALL","PBR(12MF)","A207940","삼성바이오로직스","5.38731732607886","OK","573"
"2024-02-29","ALL","PBR(12MF)","A210980","SK디앤디",".593089233842461","OK","574"
"2024-02-29","ALL","PBR(12MF)","A213420","덕산네오룩스","2.51023673352554","OK","575"
"2024-02-29","ALL","PBR(12MF)","A213500","한솔제지",".328623825038895","OK","576"
"2024-02-29","ALL","PBR(12MF)","A214150","클래시스","5.58987738986732","OK","577"
"2024-02-29","ALL","PBR(12MF)","A214320","이노션",".849901181580989","OK","578"
"2024-02-29","ALL","PBR(12MF)","A214370","케어젠","","BLANK","579"
"2024-02-29","ALL","PBR(12MF)","A214450","파마리서치","1.78532780726034","OK","580"
"2024-02-29","ALL","PBR(12MF)","A214680","디알텍","","BLANK","581"
"2024-02-29","ALL","PBR(12MF)","A215000","골프존",".959496995800054","OK","582"
"2024-02-29","ALL","PBR(12MF)","A215200","메가스터디교육","1.17511188588294","OK","583"
"2024-02-29","ALL","PBR(12MF)","A215600","신라젠","","BLANK","584"
"2024-02-29","ALL","PBR(12MF)","A216080","제테마","5.00278808871585","OK","585"
"2024-02-29","ALL","PBR(12MF)","A217270","넵튠","","BLANK","586"
"2024-02-29","ALL","PBR(12MF)","A217330","싸이토젠","","BLANK","587"
"2024-02-29","ALL","PBR(12MF)","A217820","원익피앤이","","BLANK","588"
"2024-02-29","ALL","PBR(12MF)","A218410","RFHIC","1.36052747879393","OK","589"
"2024-02-29","ALL","PBR(12MF)","A222080","SFA넥셀","","BLANK","590"
"2024-02-29","ALL","PBR(12MF)","A222800","심텍","1.50495065216671","OK","591"
"2024-02-29","ALL","PBR(12MF)","A225570","넥슨게임즈","3.12292039285026","OK","592"
"2024-02-29","ALL","PBR(12MF)","A226320","잇츠한불","","BLANK","593"
"2024-02-29","ALL","PBR(12MF)","A226950","올릭스","","BLANK","594"
"2024-02-29","ALL","PBR(12MF)","A228760","지노믹트리","","BLANK","595"
"2024-02-29","ALL","PBR(12MF)","A229640","LS에코에너지","3.37027849201589","OK","596"
"2024-02-29","ALL","PBR(12MF)","A230360","에코마케팅","1.20699111482389","OK","597"
"2024-02-29","ALL","PBR(12MF)","A232140","와이씨","","BLANK","598"
"2024-02-29","ALL","PBR(12MF)","A235980","메드팩토","","BLANK","599"
"2024-02-29","ALL","PBR(12MF)","A237690","에스티팜","2.85538820673758","OK","600"
"2024-02-29","ALL","PBR(12MF)","A237880","클리오","2.21177913653857","OK","601"
"2024-02-29","ALL","PBR(12MF)","A240810","원익IPS","1.82243714918438","OK","602"
"2024-02-29","ALL","PBR(12MF)","A241560","두산밥캣",".709862015607644","OK","603"
"2024-02-29","ALL","PBR(12MF)","A241590","화승엔터프라이즈",".673371837207082","OK","604"
"2024-02-29","ALL","PBR(12MF)","A241710","코스메카코리아","1.49256265477456","OK","605"
"2024-02-29","ALL","PBR(12MF)","A243070","휴온스","1.15945505443419","OK","606"
"2024-02-29","ALL","PBR(12MF)","A243840","신흥에스이씨","","BLANK","607"
"2024-02-29","ALL","PBR(12MF)","A247540","에코프로비엠","13.9429709859683","OK","608"
"2024-02-29","ALL","PBR(12MF)","A248070","솔루엠","2.60212314997175","OK","609"
"2024-02-29","ALL","PBR(12MF)","A249420","일동제약","2.5906294350515","OK","610"
"2024-02-29","ALL","PBR(12MF)","A251270","넷마블",".980520646425723","OK","611"
"2024-02-29","ALL","PBR(12MF)","A251970","펌텍코리아",".959374915137667","OK","612"
"2024-02-29","ALL","PBR(12MF)","A252990","샘씨엔에스","","BLANK","613"
"2024-02-29","ALL","PBR(12MF)","A253450","스튜디오드래곤","1.75432554597933","OK","614"
"2024-02-29","ALL","PBR(12MF)","A253590","네오셈","","BLANK","615"
"2024-02-29","ALL","PBR(12MF)","A254490","미래반도체","3.25392600479106","OK","616"
"2024-02-29","ALL","PBR(12MF)","A256840","한국비엔씨","","BLANK","617"
"2024-02-29","ALL","PBR(12MF)","A257720","실리콘투","3.04611333907834","OK","618"
"2024-02-29","ALL","PBR(12MF)","A259960","크래프톤","1.74973968785661","OK","619"
"2024-02-29","ALL","PBR(12MF)","A263720","디앤씨미디어","","BLANK","620"
"2024-02-29","ALL","PBR(12MF)","A263750","펄어비스","2.50196175377381","OK","621"
"2024-02-29","ALL","PBR(12MF)","A265520","AP시스템","","BLANK","622"
"2024-02-29","ALL","PBR(12MF)","A267250","HD현대",".228850463104019","OK","623"
"2024-02-29","ALL","PBR(12MF)","A267260","HD현대일렉트릭","3.54834071793246","OK","624"
"2024-02-29","ALL","PBR(12MF)","A267270","HD건설기계",".52963748699752","OK","625"
"2024-02-29","ALL","PBR(12MF)","A267980","매일유업","","BLANK","626"
"2024-02-29","ALL","PBR(12MF)","A268280","미원에스씨","","BLANK","627"
"2024-02-29","ALL","PBR(12MF)","A270520","앱튼","","BLANK","628"
"2024-02-29","ALL","PBR(12MF)","A270660","에브리봇","","BLANK","629"
"2024-02-29","ALL","PBR(12MF)","A271560","오리온","1.11534292537167","OK","630"
"2024-02-29","ALL","PBR(12MF)","A271940","일진하이솔루스","2.68127353018009","OK","631"
"2024-02-29","ALL","PBR(12MF)","A272210","한화시스템","1.32950647379062","OK","632"
"2024-02-29","ALL","PBR(12MF)","A272290","이녹스첨단소재","1.3647016461392","OK","633"
"2024-02-29","ALL","PBR(12MF)","A272450","진에어","2.24000021125849","OK","634"
"2024-02-29","ALL","PBR(12MF)","A272550","삼양패키징","","BLANK","635"
"2024-02-29","ALL","PBR(12MF)","A277810","레인보우로보틱스","","BLANK","636"
"2024-02-29","ALL","PBR(12MF)","A278280","천보","2.48992404137673","OK","637"
"2024-02-29","ALL","PBR(12MF)","A278470","에이피알","","BLANK","638"
"2024-02-29","ALL","PBR(12MF)","A278650","HLB바이오스텝","","BLANK","639"
"2024-02-29","ALL","PBR(12MF)","A280360","롯데웰푸드",".534849638373861","OK","640"
"2024-02-29","ALL","PBR(12MF)","A281740","레이크머티리얼즈","9.23651611493828","OK","641"
"2024-02-29","ALL","PBR(12MF)","A281820","케이씨텍","1.5878458236807","OK","642"
"2024-02-29","ALL","PBR(12MF)","A282330","BGF리테일","1.80340708327809","OK","643"
"2024-02-29","ALL","PBR(12MF)","A282880","코윈테크","1.11402737338524","OK","644"
"2024-02-29","ALL","PBR(12MF)","A284740","쿠쿠홈시스","","BLANK","645"
"2024-02-29","ALL","PBR(12MF)","A285130","SK케미칼",".431592248862833","OK","646"
"2024-02-29","ALL","PBR(12MF)","A286940","롯데이노베이트","1.09424401018623","OK","647"
"2024-02-29","ALL","PBR(12MF)","A289220","자이언트스텝","","BLANK","648"
"2024-02-29","ALL","PBR(12MF)","A290650","엘앤씨바이오","","BLANK","649"
"2024-02-29","ALL","PBR(12MF)","A290690","아리바이오홀딩스","","BLANK","650"
"2024-02-29","ALL","PBR(12MF)","A293490","카카오게임즈",".936836986614801","OK","651"
"2024-02-29","ALL","PBR(12MF)","A294870","IPARK현대산업개발",".409344237287447","OK","652"
"2024-02-29","ALL","PBR(12MF)","A297890","HB솔루션","","BLANK","653"
"2024-02-29","ALL","PBR(12MF)","A298000","효성화학","2.28102331995044","OK","654"
"2024-02-29","ALL","PBR(12MF)","A298020","효성티앤씨",".724247359659253","OK","655"
"2024-02-29","ALL","PBR(12MF)","A298040","효성중공업","1.22378939493351","OK","656"
"2024-02-29","ALL","PBR(12MF)","A298050","HS효성첨단소재","1.65587923983029","OK","657"
"2024-02-29","ALL","PBR(12MF)","A298380","에이비엘바이오","17.1104062148526","OK","658"
"2024-02-29","ALL","PBR(12MF)","A298690","에어부산","","BLANK","659"
"2024-02-29","ALL","PBR(12MF)","A298830","슈어소프트테크","","BLANK","660"
"2024-02-29","ALL","PBR(12MF)","A299030","하나기술","","BLANK","661"
"2024-02-29","ALL","PBR(12MF)","A299900","위지윅스튜디오","","BLANK","662"
"2024-02-29","ALL","PBR(12MF)","A300720","한일시멘트",".45442531710677","OK","663"
"2024-02-29","ALL","PBR(12MF)","A302440","SK바이오사이언스","2.87030017097697","OK","664"
"2024-02-29","ALL","PBR(12MF)","A304100","솔트룩스","5.14766930420983","OK","665"
"2024-02-29","ALL","PBR(12MF)","A306200","세아제강",".351286434900649","OK","666"
"2024-02-29","ALL","PBR(12MF)","A307750","국전","","BLANK","667"
"2024-02-29","ALL","PBR(12MF)","A307950","현대오토에버","2.35033437616601","OK","668"
"2024-02-29","ALL","PBR(12MF)","A310210","보로노이","","BLANK","669"
"2024-02-29","ALL","PBR(12MF)","A314930","바이오다인","","BLANK","670"
"2024-02-29","ALL","PBR(12MF)","A316140","우리금융지주",".309011450384101","OK","671"
"2024-02-29","ALL","PBR(12MF)","A317330","덕산테코피아","","BLANK","672"
"2024-02-29","ALL","PBR(12MF)","A319400","현대무벡스","","BLANK","673"
"2024-02-29","ALL","PBR(12MF)","A319660","피에스케이","1.68041707635441","OK","674"
"2024-02-29","ALL","PBR(12MF)","A322000","HD현대에너지솔루션","","BLANK","675"
"2024-02-29","ALL","PBR(12MF)","A322310","오로스테크놀로지","4.83150542358499","OK","676"
"2024-02-29","ALL","PBR(12MF)","A323410","카카오뱅크","2.10874542648489","OK","677"
"2024-02-29","ALL","PBR(12MF)","A323990","박셀바이오","","BLANK","678"
"2024-02-29","ALL","PBR(12MF)","A326030","SK바이오팜","20.5487292945034","OK","679"
"2024-02-29","ALL","PBR(12MF)","A328130","루닛","","BLANK","680"
"2024-02-29","ALL","PBR(12MF)","A329180","HD현대중공업","1.83444112336074","OK","681"
"2024-02-29","ALL","PBR(12MF)","A330860","네패스아크","1.57155077456702","OK","682"
"2024-02-29","ALL","PBR(12MF)","A334970","프레스티지바이오로직스","","BLANK","683"
"2024-02-29","ALL","PBR(12MF)","A336260","두산퓨얼셀","2.43265944965388","OK","684"
"2024-02-29","ALL","PBR(12MF)","A336370","솔루스첨단소재",".760435948034221","OK","685"
"2024-02-29","ALL","PBR(12MF)","A336570","원텍","5.17605017938226","OK","686"
"2024-02-29","ALL","PBR(12MF)","A338220","뷰노","42.3706730343916","OK","687"
"2024-02-29","ALL","PBR(12MF)","A340570","티앤엘","2.42808963596324","OK","688"
"2024-02-29","ALL","PBR(12MF)","A344820","KCC글라스","","BLANK","689"
"2024-02-29","ALL","PBR(12MF)","A348210","넥스틴","4.6576766509996","OK","690"
"2024-02-29","ALL","PBR(12MF)","A348340","뉴로메카","","BLANK","691"
"2024-02-29","ALL","PBR(12MF)","A348370","엔켐","","BLANK","692"
"2024-02-29","ALL","PBR(12MF)","A352480","씨앤씨인터내셔널","3.33004370695236","OK","693"
"2024-02-29","ALL","PBR(12MF)","A352820","하이브","2.27225275775219","OK","694"
"2024-02-29","ALL","PBR(12MF)","A353200","대덕전자","1.1817613890557","OK","695"
"2024-02-29","ALL","PBR(12MF)","A354320","알멕","1.55265067335349","OK","696"
"2024-02-29","ALL","PBR(12MF)","A357550","석경에이티","","BLANK","697"
"2024-02-29","ALL","PBR(12MF)","A357780","솔브레인","2.01197618438321","OK","698"
"2024-02-29","ALL","PBR(12MF)","A358570","지아이이노베이션","","BLANK","699"
"2024-02-29","ALL","PBR(12MF)","A360070","탑머티리얼","","BLANK","700"
"2024-02-29","ALL","PBR(12MF)","A361610","SK아이이테크놀로지","2.23405373795835","OK","701"
"2024-02-29","ALL","PBR(12MF)","A365340","성일하이텍","3.72858958091947","OK","702"
"2024-02-29","ALL","PBR(12MF)","A372170","윤성에프앤씨","","BLANK","703"
"2024-02-29","ALL","PBR(12MF)","A372320","큐로셀","","BLANK","704"
"2024-02-29","ALL","PBR(12MF)","A373220","LG에너지솔루션","3.53294863825528","OK","705"
"2024-02-29","ALL","PBR(12MF)","A375500","DL이앤씨",".258309270600121","OK","706"
"2024-02-29","ALL","PBR(12MF)","A376300","디어유","4.14359349711227","OK","707"
"2024-02-29","ALL","PBR(12MF)","A377300","카카오페이","3.01226631696874","OK","708"
"2024-02-29","ALL","PBR(12MF)","A377740","바이오노트","","BLANK","709"
"2024-02-29","ALL","PBR(12MF)","A378340","필에너지","","BLANK","710"
"2024-02-29","ALL","PBR(12MF)","A381970","케이카","2.07503614808861","OK","711"
"2024-02-29","ALL","PBR(12MF)","A382840","원준","","BLANK","712"
"2024-02-29","ALL","PBR(12MF)","A383220","F&F","1.65581219079004","OK","713"
"2024-02-29","ALL","PBR(12MF)","A383310","에코프로에이치엔","","BLANK","714"
"2024-02-29","ALL","PBR(12MF)","A383800","LX홀딩스",".292152090728782","OK","715"
"2024-02-29","ALL","PBR(12MF)","A389020","자람테크놀로지","5.15340177182843","OK","716"
"2024-02-29","ALL","PBR(12MF)","A393890","더블유씨피","1.46594984260738","OK","717"
"2024-02-29","ALL","PBR(12MF)","A394280","오픈엣지테크놀로지","36.8050211616654","OK","718"
"2024-02-29","ALL","PBR(12MF)","A397030","에이프릴바이오","4.00281063489907","OK","719"
"2024-02-29","ALL","PBR(12MF)","A399720","가온칩스","18.1031982064276","OK","720"
"2024-02-29","ALL","PBR(12MF)","A402030","코난테크놀로지","13.1564742295306","OK","721"
"2024-02-29","ALL","PBR(12MF)","A402340","SK스퀘어",".55203131836999","OK","722"
"2024-02-29","ALL","PBR(12MF)","A403550","쏘카","2.75548897671628","OK","723"
"2024-02-29","ALL","PBR(12MF)","A403870","HPSP","11.4519508704404","OK","724"
"2024-02-29","ALL","PBR(12MF)","A405100","큐알티","","BLANK","725"
"2024-02-29","ALL","PBR(12MF)","A416180","신성에스티","","BLANK","726"
"2024-02-29","ALL","PBR(12MF)","A417200","LS머트리얼즈","","BLANK","727"
"2024-02-29","ALL","PBR(12MF)","A418550","제이오","","BLANK","728"
"2024-02-29","ALL","PBR(12MF)","A420770","기가비스","","BLANK","729"
"2024-02-29","ALL","PBR(12MF)","A425040","티이엠씨","1.8376618027727","OK","730"
"2024-02-29","ALL","PBR(12MF)","A425420","티에프이","","BLANK","731"
"2024-02-29","ALL","PBR(12MF)","A432720","퀄리타스반도체","","BLANK","732"
"2024-02-29","ALL","PBR(12MF)","A439090","마녀공장","3.31647081277917","OK","733"
"2024-02-29","ALL","PBR(12MF)","A440110","파두","","BLANK","734"
"2024-02-29","ALL","PBR(12MF)","A441270","파인엠텍","1.53304345778622","OK","735"
"2024-02-29","ALL","PBR(12MF)","A443670","에스피소프트","","BLANK","736"
"2024-02-29","ALL","PBR(12MF)","A445090","에이직랜드","72.34","OK","737"
"2024-02-29","ALL","PBR(12MF)","A445680","큐리옥스바이오시스템즈","","BLANK","738"
"2024-02-29","ALL","PBR(12MF)","A448280","에코아이","","BLANK","739"
"2024-02-29","ALL","PBR(12MF)","A450080","에코프로머티","","BLANK","740"
"2024-02-29","ALL","PBR(12MF)","A452260","한화갤러리아","","BLANK","741"
"2024-02-29","ALL","PBR(12MF)","A452430","사피엔반도체","","BLANK","742"
"2024-02-29","ALL","PBR(12MF)","A453340","현대그린푸드",".53460902587769","OK","743"
"2024-02-29","ALL","PBR(12MF)","A454910","두산로보틱스","","BLANK","744"
"2024-02-29","ALL","PBR(12MF)","A456040","OCI","","BLANK","745"
"2024-02-29","ALL","PBR(12MF)","A457190","이수스페셜티케미컬","","BLANK","746"
"2024-02-29","ALL","PBR(12MF)","A460860","동국제강",".332149108178689","OK","747"
"2024-02-29","ALL","PBR(12MF)","A460930","현대힘스","","BLANK","748"
"2024-02-29","ALL","PBR(12MF)","A472850","폰드그룹","","BLANK","749"
"2024-02-29","ALL","PBR(12MF)","A900140","엘브이엠씨홀딩스","","BLANK","750"
"2024-02-29","ALL","PBR(12MF)","A950130","엑세스바이오","","BLANK","751"
"2024-02-29","ALL","PBR(12MF)","A950160","코오롱티슈진","","BLANK","752"
"2024-02-29","ALL","PBR(12MF)","A950210","프레스티지바이오파마","","BLANK","753"
