Date,Universe,Factor,StockCode,StockName,FactorValue,ValueStatus,SourceRow
"2026-07-27","ALL","PBR(12MF)","A000070","삼양홀딩스","","BLANK","14"
"2026-07-27","ALL","PBR(12MF)","A000080","하이트진로",".860938381901896","OK","15"
"2026-07-27","ALL","PBR(12MF)","A000100","유한양행","2.24346512631958","OK","16"
"2026-07-27","ALL","PBR(12MF)","A000120","CJ대한통운",".364296122843374","OK","17"
"2026-07-27","ALL","PBR(12MF)","A000150","두산","1.40760597029036","OK","18"
"2026-07-27","ALL","PBR(12MF)","A000210","DL",".196364330161886","OK","19"
"2026-07-27","ALL","PBR(12MF)","A000240","한국앤컴퍼니","","BLANK","20"
"2026-07-27","ALL","PBR(12MF)","A000250","삼천당제약","","BLANK","21"
"2026-07-27","ALL","PBR(12MF)","A000270","기아",".720443381958003","OK","22"
"2026-07-27","ALL","PBR(12MF)","A000370","한화손해보험",".227802455518829","OK","23"
"2026-07-27","ALL","PBR(12MF)","A000400","롯데손해보험","","BLANK","24"
"2026-07-27","ALL","PBR(12MF)","A000500","가온전선","","BLANK","25"
"2026-07-27","ALL","PBR(12MF)","A000640","동아쏘시오홀딩스",".471117603891427","OK","26"
"2026-07-27","ALL","PBR(12MF)","A000660","SK하이닉스","3.25346662870292","OK","27"
"2026-07-27","ALL","PBR(12MF)","A000670","영풍","","BLANK","28"
"2026-07-27","ALL","PBR(12MF)","A000720","현대건설","1.07563968086323","OK","29"
"2026-07-27","ALL","PBR(12MF)","A000810","삼성화재","1.22485757216083","OK","30"
"2026-07-27","ALL","PBR(12MF)","A000880","한화",".134187640673301","OK","31"
"2026-07-27","ALL","PBR(12MF)","A000990","DB하이텍","1.62159916184743","OK","32"
"2026-07-27","ALL","PBR(12MF)","A0009K0","에임드바이오","","BLANK","33"
"2026-07-27","ALL","PBR(12MF)","A001040","CJ",".225166975609534","OK","34"
"2026-07-27","ALL","PBR(12MF)","A001060","JW중외제약","","BLANK","35"
"2026-07-27","ALL","PBR(12MF)","A001120","LX인터내셔널",".380266944984388","OK","36"
"2026-07-27","ALL","PBR(12MF)","A0011T0","채비","","BLANK","37"
"2026-07-27","ALL","PBR(12MF)","A001200","유진투자증권","","BLANK","38"
"2026-07-27","ALL","PBR(12MF)","A001230","동국홀딩스",".138673317178504","OK","39"
"2026-07-27","ALL","PBR(12MF)","A001270","부국증권","","BLANK","40"
"2026-07-27","ALL","PBR(12MF)","A001390","KG케미칼","","BLANK","41"
"2026-07-27","ALL","PBR(12MF)","A001430","세아베스틸지주",".628056257463775","OK","42"
"2026-07-27","ALL","PBR(12MF)","A001440","대한전선","3.18361966660784","OK","43"
"2026-07-27","ALL","PBR(12MF)","A001450","현대해상",".566088661322114","OK","44"
"2026-07-27","ALL","PBR(12MF)","A001500","현대차증권","","BLANK","45"
"2026-07-27","ALL","PBR(12MF)","A001510","SK증권","","BLANK","46"
"2026-07-27","ALL","PBR(12MF)","A001530","DI동일",".940150191168513","OK","47"
"2026-07-27","ALL","PBR(12MF)","A001570","금양","","BLANK","48"
"2026-07-27","ALL","PBR(12MF)","A001680","대상",".518804113800808","OK","49"
"2026-07-27","ALL","PBR(12MF)","A001720","신영증권","","BLANK","50"
"2026-07-27","ALL","PBR(12MF)","A001740","SK네트웍스",".745422537277035","OK","51"
"2026-07-27","ALL","PBR(12MF)","A001750","한양증권","","BLANK","52"
"2026-07-27","ALL","PBR(12MF)","A001800","오리온홀딩스","","BLANK","53"
"2026-07-27","ALL","PBR(12MF)","A001820","삼화콘덴서","","BLANK","54"
"2026-07-27","ALL","PBR(12MF)","A001940","KISCO홀딩스",".242592178650206","OK","55"
"2026-07-27","ALL","PBR(12MF)","A002020","코오롱",".131695496346392","OK","56"
"2026-07-27","ALL","PBR(12MF)","A002030","아세아","","BLANK","57"
"2026-07-27","ALL","PBR(12MF)","A002240","고려제강","","BLANK","58"
"2026-07-27","ALL","PBR(12MF)","A002310","아세아제지","","BLANK","59"
"2026-07-27","ALL","PBR(12MF)","A002350","넥센타이어",".301286515685729","OK","60"
"2026-07-27","ALL","PBR(12MF)","A002380","KCC",".413966562480008","OK","61"
"2026-07-27","ALL","PBR(12MF)","A002790","아모레퍼시픽홀딩스","","BLANK","62"
"2026-07-27","ALL","PBR(12MF)","A002810","삼영무역","","BLANK","63"
"2026-07-27","ALL","PBR(12MF)","A002840","미원상사","","BLANK","64"
"2026-07-27","ALL","PBR(12MF)","A002900","TYM","","BLANK","65"
"2026-07-27","ALL","PBR(12MF)","A002960","한국쉘석유","","BLANK","66"
"2026-07-27","ALL","PBR(12MF)","A002990","금호건설","1.13340232252974","OK","67"
"2026-07-27","ALL","PBR(12MF)","A003000","부광약품","","BLANK","68"
"2026-07-27","ALL","PBR(12MF)","A003030","세아제강지주",".155982160419815","OK","69"
"2026-07-27","ALL","PBR(12MF)","A003090","대웅","","BLANK","70"
"2026-07-27","ALL","PBR(12MF)","A003120","일성아이에스","","BLANK","71"
"2026-07-27","ALL","PBR(12MF)","A003160","디아이","2.57832712027486","OK","72"
"2026-07-27","ALL","PBR(12MF)","A003230","삼양식품","4.83660732285434","OK","73"
"2026-07-27","ALL","PBR(12MF)","A003240","태광산업","","BLANK","74"
"2026-07-27","ALL","PBR(12MF)","A003280","흥아해운","","BLANK","75"
"2026-07-27","ALL","PBR(12MF)","A003300","한일홀딩스","","BLANK","76"
"2026-07-27","ALL","PBR(12MF)","A003380","하림지주",".165192121134342","OK","77"
"2026-07-27","ALL","PBR(12MF)","A003470","유안타증권","","BLANK","78"
"2026-07-27","ALL","PBR(12MF)","A003490","대한항공",".784967801731092","OK","79"
"2026-07-27","ALL","PBR(12MF)","A003530","한화투자증권","","BLANK","80"
"2026-07-27","ALL","PBR(12MF)","A003540","대신증권",".292103209487176","OK","81"
"2026-07-27","ALL","PBR(12MF)","A003550","LG",".466762015260372","OK","82"
"2026-07-27","ALL","PBR(12MF)","A003570","SNT다이내믹스","1.15357354409657","OK","83"
"2026-07-27","ALL","PBR(12MF)","A003620","KG모빌리티",".36898080252404","OK","84"
"2026-07-27","ALL","PBR(12MF)","A003650","미창석유","","BLANK","85"
"2026-07-27","ALL","PBR(12MF)","A003670","포스코퓨처엠","2.79787778073992","OK","86"
"2026-07-27","ALL","PBR(12MF)","A003690","코리안리",".606099662233293","OK","87"
"2026-07-27","ALL","PBR(12MF)","A003800","에이스침대","","BLANK","88"
"2026-07-27","ALL","PBR(12MF)","A003850","보령",".770593128572748","OK","89"
"2026-07-27","ALL","PBR(12MF)","A003920","남양유업","","BLANK","90"
"2026-07-27","ALL","PBR(12MF)","A003960","사조대림","","BLANK","91"
"2026-07-27","ALL","PBR(12MF)","A004000","롯데정밀화학",".454702977480352","OK","92"
"2026-07-27","ALL","PBR(12MF)","A004020","현대제철",".183964953402623","OK","93"
"2026-07-27","ALL","PBR(12MF)","A004170","신세계",".698475773779205","OK","94"
"2026-07-27","ALL","PBR(12MF)","A004370","농심",".754627555917193","OK","95"
"2026-07-27","ALL","PBR(12MF)","A004430","송원산업","","BLANK","96"
"2026-07-27","ALL","PBR(12MF)","A004490","세방전지","","BLANK","97"
"2026-07-27","ALL","PBR(12MF)","A004690","삼천리",".212533067056178","OK","98"
"2026-07-27","ALL","PBR(12MF)","A004700","조광피혁","","BLANK","99"
"2026-07-27","ALL","PBR(12MF)","A004710","한솔테크닉스","","BLANK","100"
"2026-07-27","ALL","PBR(12MF)","A004800","효성",".797743277356227","OK","101"
"2026-07-27","ALL","PBR(12MF)","A004990","롯데지주",".244893123763789","OK","102"
"2026-07-27","ALL","PBR(12MF)","A005070","코스모신소재","2.08190826659448","OK","103"
"2026-07-27","ALL","PBR(12MF)","A005090","SGC에너지",".815546827081982","OK","104"
"2026-07-27","ALL","PBR(12MF)","A005180","빙그레",".748213780685095","OK","105"
"2026-07-27","ALL","PBR(12MF)","A005250","녹십자홀딩스","","BLANK","106"
"2026-07-27","ALL","PBR(12MF)","A005290","동진쎄미켐","","BLANK","107"
"2026-07-27","ALL","PBR(12MF)","A005300","롯데칠성",".548840336738704","OK","108"
"2026-07-27","ALL","PBR(12MF)","A005380","현대차",".586663093945285","OK","109"
"2026-07-27","ALL","PBR(12MF)","A005420","코스모화학","","BLANK","110"
"2026-07-27","ALL","PBR(12MF)","A005430","한국공항","","BLANK","111"
"2026-07-27","ALL","PBR(12MF)","A005440","현대지에프홀딩스",".296278259433075","OK","112"
"2026-07-27","ALL","PBR(12MF)","A005490","POSCO홀딩스",".388713386129896","OK","113"
"2026-07-27","ALL","PBR(12MF)","A005610","삼립","","BLANK","114"
"2026-07-27","ALL","PBR(12MF)","A005680","삼영전자","","BLANK","115"
"2026-07-27","ALL","PBR(12MF)","A005690","파미셀","3.30472976572864","OK","116"
"2026-07-27","ALL","PBR(12MF)","A005720","넥센","","BLANK","117"
"2026-07-27","ALL","PBR(12MF)","A005810","풍산홀딩스",".384468354040139","OK","118"
"2026-07-27","ALL","PBR(12MF)","A005830","DB손해보험",".853985621371207","OK","119"
"2026-07-27","ALL","PBR(12MF)","A005850","에스엘",".835634166086539","OK","120"
"2026-07-27","ALL","PBR(12MF)","A005880","대한해운",".226495488898975","OK","121"
"2026-07-27","ALL","PBR(12MF)","A005930","삼성전자","1.8035294607108","OK","122"
"2026-07-27","ALL","PBR(12MF)","A005940","NH투자증권",".938616188870024","OK","123"
"2026-07-27","ALL","PBR(12MF)","A005950","이수화학","","BLANK","124"
"2026-07-27","ALL","PBR(12MF)","A006040","동원산업",".381511434053754","OK","125"
"2026-07-27","ALL","PBR(12MF)","A006110","삼아알미늄","2.09647119744983","OK","126"
"2026-07-27","ALL","PBR(12MF)","A006120","SK디스커버리","","BLANK","127"
"2026-07-27","ALL","PBR(12MF)","A006220","제주은행","","BLANK","128"
"2026-07-27","ALL","PBR(12MF)","A006260","LS","1.13993444936784","OK","129"
"2026-07-27","ALL","PBR(12MF)","A006280","녹십자",".9690313727128","OK","130"
"2026-07-27","ALL","PBR(12MF)","A006340","대원전선","","BLANK","131"
"2026-07-27","ALL","PBR(12MF)","A006360","GS건설",".426874050403994","OK","132"
"2026-07-27","ALL","PBR(12MF)","A006380","카프로","","BLANK","133"
"2026-07-27","ALL","PBR(12MF)","A006400","삼성SDI","1.4195925382406","OK","134"
"2026-07-27","ALL","PBR(12MF)","A006650","대한유화",".287497451235111","OK","135"
"2026-07-27","ALL","PBR(12MF)","A006730","서부T&D",".454247348517036","OK","136"
"2026-07-27","ALL","PBR(12MF)","A006800","미래에셋증권","1.33627463756401","OK","137"
"2026-07-27","ALL","PBR(12MF)","A006910","보성파워텍","","BLANK","138"
"2026-07-27","ALL","PBR(12MF)","A007070","GS리테일",".610093209916932","OK","139"
"2026-07-27","ALL","PBR(12MF)","A007310","오뚜기","","BLANK","140"
"2026-07-27","ALL","PBR(12MF)","A007340","DN오토모티브",".797756928393446","OK","141"
"2026-07-27","ALL","PBR(12MF)","A007390","네이처셀","","BLANK","142"
"2026-07-27","ALL","PBR(12MF)","A007660","이수페타시스","5.80452240980878","OK","143"
"2026-07-27","ALL","PBR(12MF)","A007690","국도화학",".382394102360931","OK","144"
"2026-07-27","ALL","PBR(12MF)","A007700","F&F홀딩스","","BLANK","145"
"2026-07-27","ALL","PBR(12MF)","A007810","코리아써키트","1.47000796778739","OK","146"
"2026-07-27","ALL","PBR(12MF)","A008060","대덕","","BLANK","147"
"2026-07-27","ALL","PBR(12MF)","A008730","율촌화학","1.06039033716305","OK","148"
"2026-07-27","ALL","PBR(12MF)","A008770","호텔신라","1.49596648885566","OK","149"
"2026-07-27","ALL","PBR(12MF)","A008930","한미사이언스","","BLANK","150"
"2026-07-27","ALL","PBR(12MF)","A009150","삼성전기","8.40435845498734","OK","151"
"2026-07-27","ALL","PBR(12MF)","A009160","SIMPAC","","BLANK","152"
"2026-07-27","ALL","PBR(12MF)","A009240","한샘","2.10701004374963","OK","153"
"2026-07-27","ALL","PBR(12MF)","A009290","광동제약","","BLANK","154"
"2026-07-27","ALL","PBR(12MF)","A009410","태영건설","","BLANK","155"
"2026-07-27","ALL","PBR(12MF)","A009420","한올바이오파마","14.9748355387016","OK","156"
"2026-07-27","ALL","PBR(12MF)","A009450","경동나비엔",".9736606462752","OK","157"
"2026-07-27","ALL","PBR(12MF)","A009520","포스코엠텍","","BLANK","158"
"2026-07-27","ALL","PBR(12MF)","A009540","HD한국조선해양","1.28420350134052","OK","159"
"2026-07-27","ALL","PBR(12MF)","A009830","한화솔루션",".384099407857176","OK","160"
"2026-07-27","ALL","PBR(12MF)","A009900","명신산업",".417965820005646","OK","161"
"2026-07-27","ALL","PBR(12MF)","A009970","영원무역홀딩스","","BLANK","162"
"2026-07-27","ALL","PBR(12MF)","A010060","OCI홀딩스",".749302738124315","OK","163"
"2026-07-27","ALL","PBR(12MF)","A010120","LS ELECTRIC","10.6633907854635","OK","164"
"2026-07-27","ALL","PBR(12MF)","A010130","고려아연","1.72486961925948","OK","165"
"2026-07-27","ALL","PBR(12MF)","A010140","삼성중공업","3.48643845831485","OK","166"
"2026-07-27","ALL","PBR(12MF)","A010170","대한광통신","21.07342638662","OK","167"
"2026-07-27","ALL","PBR(12MF)","A010690","화신",".410274116570637","OK","168"
"2026-07-27","ALL","PBR(12MF)","A010780","아이에스동서",".368732170550261","OK","169"
"2026-07-27","ALL","PBR(12MF)","A010820","퍼스텍","","BLANK","170"
"2026-07-27","ALL","PBR(12MF)","A010950","S-Oil","1.40150742185827","OK","171"
"2026-07-27","ALL","PBR(12MF)","A011070","LG이노텍","2.05418199918121","OK","172"
"2026-07-27","ALL","PBR(12MF)","A011170","롯데케미칼",".148204809217342","OK","173"
"2026-07-27","ALL","PBR(12MF)","A011200","HMM",".696717307417144","OK","174"
"2026-07-27","ALL","PBR(12MF)","A011210","현대위아",".352315604439232","OK","175"
"2026-07-27","ALL","PBR(12MF)","A011760","현대코퍼레이션",".384365001662776","OK","176"
"2026-07-27","ALL","PBR(12MF)","A011780","금호석유화학",".459946639066449","OK","177"
"2026-07-27","ALL","PBR(12MF)","A011790","SKC","2.14379277100744","OK","178"
"2026-07-27","ALL","PBR(12MF)","A011930","신성이엔지","1.20922190893473","OK","179"
"2026-07-27","ALL","PBR(12MF)","A012030","DB","","BLANK","180"
"2026-07-27","ALL","PBR(12MF)","A0120G0","삼양바이오팜","","BLANK","181"
"2026-07-27","ALL","PBR(12MF)","A012330","현대모비스",".762806357451544","OK","182"
"2026-07-27","ALL","PBR(12MF)","A012450","한화에어로스페이스","2.39971052096121","OK","183"
"2026-07-27","ALL","PBR(12MF)","A012630","HDC",".226305142549913","OK","184"
"2026-07-27","ALL","PBR(12MF)","A0126Z0","삼성에피스홀딩스","1.56155957294197","OK","185"
"2026-07-27","ALL","PBR(12MF)","A012750","에스원","1.43816812526358","OK","186"
"2026-07-27","ALL","PBR(12MF)","A013030","하이록코리아",".716800923762131","OK","187"
"2026-07-27","ALL","PBR(12MF)","A014620","성광벤드","1.2368376496462","OK","188"
"2026-07-27","ALL","PBR(12MF)","A014680","한솔케미칼","1.8124022359807","OK","189"
"2026-07-27","ALL","PBR(12MF)","A014820","동원시스템즈","","BLANK","190"
"2026-07-27","ALL","PBR(12MF)","A014830","유니드",".337424508002288","OK","191"
"2026-07-27","ALL","PBR(12MF)","A015360","INVENI","","BLANK","192"
"2026-07-27","ALL","PBR(12MF)","A015750","성우하이텍","","BLANK","193"
"2026-07-27","ALL","PBR(12MF)","A015760","한국전력",".410026376029054","OK","194"
"2026-07-27","ALL","PBR(12MF)","A015860","일진홀딩스","","BLANK","195"
"2026-07-27","ALL","PBR(12MF)","A016360","삼성증권",".930381734749379","OK","196"
"2026-07-27","ALL","PBR(12MF)","A016380","KG스틸",".234416540410463","OK","197"
"2026-07-27","ALL","PBR(12MF)","A016590","신대양제지","","BLANK","198"
"2026-07-27","ALL","PBR(12MF)","A016610","DB증권","","BLANK","199"
"2026-07-27","ALL","PBR(12MF)","A016800","퍼시스","","BLANK","200"
"2026-07-27","ALL","PBR(12MF)","A017390","서울가스","","BLANK","201"
"2026-07-27","ALL","PBR(12MF)","A017670","SK텔레콤","1.47216915553201","OK","202"
"2026-07-27","ALL","PBR(12MF)","A017800","현대엘리베이터","1.72157596237236","OK","203"
"2026-07-27","ALL","PBR(12MF)","A017810","풀무원",".507610690555517","OK","204"
"2026-07-27","ALL","PBR(12MF)","A017890","한국알콜","","BLANK","205"
"2026-07-27","ALL","PBR(12MF)","A017900","광전자","","BLANK","206"
"2026-07-27","ALL","PBR(12MF)","A017940","E1",".217896167519416","OK","207"
"2026-07-27","ALL","PBR(12MF)","A017960","한국카본","1.64169694948052","OK","208"
"2026-07-27","ALL","PBR(12MF)","A018250","애경산업","","BLANK","209"
"2026-07-27","ALL","PBR(12MF)","A018260","삼성에스디에스","1.51877719536331","OK","210"
"2026-07-27","ALL","PBR(12MF)","A018290","브이티","1.33065709093155","OK","211"
"2026-07-27","ALL","PBR(12MF)","A018670","SK가스",".635172119467785","OK","212"
"2026-07-27","ALL","PBR(12MF)","A018880","한온시스템",".880796381878457","OK","213"
"2026-07-27","ALL","PBR(12MF)","A019170","신풍제약","","BLANK","214"
"2026-07-27","ALL","PBR(12MF)","A019210","와이지-원","","BLANK","215"
"2026-07-27","ALL","PBR(12MF)","A020000","한섬",".291995911467547","OK","216"
"2026-07-27","ALL","PBR(12MF)","A020150","롯데에너지머티리얼즈",".854336431775945","OK","217"
"2026-07-27","ALL","PBR(12MF)","A020560","아시아나항공","2.39310643242295","OK","218"
"2026-07-27","ALL","PBR(12MF)","A021240","코웨이","1.48743814989074","OK","219"
"2026-07-27","ALL","PBR(12MF)","A022100","포스코DX","","BLANK","220"
"2026-07-27","ALL","PBR(12MF)","A023160","태광",".806241237760478","OK","221"
"2026-07-27","ALL","PBR(12MF)","A023410","유진기업","","BLANK","222"
"2026-07-27","ALL","PBR(12MF)","A023530","롯데쇼핑",".211486478782718","OK","223"
"2026-07-27","ALL","PBR(12MF)","A023590","다우기술","","BLANK","224"
"2026-07-27","ALL","PBR(12MF)","A024110","기업은행",".424772235119331","OK","225"
"2026-07-27","ALL","PBR(12MF)","A024720","콜마홀딩스","","BLANK","226"
"2026-07-27","ALL","PBR(12MF)","A024850","HLB이노베이션","1.50886076491407","OK","227"
"2026-07-27","ALL","PBR(12MF)","A025320","시노펙스","1.84185559795928","OK","228"
"2026-07-27","ALL","PBR(12MF)","A025540","한국단자",".496758924749882","OK","229"
"2026-07-27","ALL","PBR(12MF)","A025770","한국정보통신","","BLANK","230"
"2026-07-27","ALL","PBR(12MF)","A025860","남해화학","","BLANK","231"
"2026-07-27","ALL","PBR(12MF)","A025900","동화기업",".336960755757753","OK","232"
"2026-07-27","ALL","PBR(12MF)","A025980","아난티","","BLANK","233"
"2026-07-27","ALL","PBR(12MF)","A026890","스틱인베스트먼트","","BLANK","234"
"2026-07-27","ALL","PBR(12MF)","A026960","동서","","BLANK","235"
"2026-07-27","ALL","PBR(12MF)","A027360","아주IB투자","","BLANK","236"
"2026-07-27","ALL","PBR(12MF)","A027410","BGF",".185274571543128","OK","237"
"2026-07-27","ALL","PBR(12MF)","A028050","삼성E&A","1.74298781847609","OK","238"
"2026-07-27","ALL","PBR(12MF)","A028260","삼성물산",".914310316176182","OK","239"
"2026-07-27","ALL","PBR(12MF)","A028300","HLB","","BLANK","240"
"2026-07-27","ALL","PBR(12MF)","A028670","팬오션",".455625857462722","OK","241"
"2026-07-27","ALL","PBR(12MF)","A029460","케이씨","","BLANK","242"
"2026-07-27","ALL","PBR(12MF)","A029530","신도리코","","BLANK","243"
"2026-07-27","ALL","PBR(12MF)","A029780","삼성카드","","BLANK","244"
"2026-07-27","ALL","PBR(12MF)","A030000","제일기획","1.24193107415622","OK","245"
"2026-07-27","ALL","PBR(12MF)","A030190","NICE평가정보","1.49730478177281","OK","246"
"2026-07-27","ALL","PBR(12MF)","A030200","KT",".653541679862414","OK","247"
"2026-07-27","ALL","PBR(12MF)","A030520","한컴",".752900712618448","OK","248"
"2026-07-27","ALL","PBR(12MF)","A030530","원익홀딩스","","BLANK","249"
"2026-07-27","ALL","PBR(12MF)","A030610","교보증권","","BLANK","250"
"2026-07-27","ALL","PBR(12MF)","A031210","서울보증보험",".539953766386452","OK","251"
"2026-07-27","ALL","PBR(12MF)","A031330","에스에이엠티","","BLANK","252"
"2026-07-27","ALL","PBR(12MF)","A031430","신세계인터내셔날",".440029694164427","OK","253"
"2026-07-27","ALL","PBR(12MF)","A031980","피에스케이홀딩스","3.61948915626655","OK","254"
"2026-07-27","ALL","PBR(12MF)","A032190","다우데이타","","BLANK","255"
"2026-07-27","ALL","PBR(12MF)","A032350","롯데관광개발","1.99057160384079","OK","256"
"2026-07-27","ALL","PBR(12MF)","A032500","케이엠더블유","3.31409553261197","OK","257"
"2026-07-27","ALL","PBR(12MF)","A032640","LG유플러스",".635140464055052","OK","258"
"2026-07-27","ALL","PBR(12MF)","A032820","우리기술","","BLANK","259"
"2026-07-27","ALL","PBR(12MF)","A032830","삼성생명",".905543994802331","OK","260"
"2026-07-27","ALL","PBR(12MF)","A033100","제룡전기","","BLANK","261"
"2026-07-27","ALL","PBR(12MF)","A033160","엠케이전자",".351024137571051","OK","262"
"2026-07-27","ALL","PBR(12MF)","A033240","자화전자",".987361963480419","OK","263"
"2026-07-27","ALL","PBR(12MF)","A033270","유나이티드제약",".559860651347279","OK","264"
"2026-07-27","ALL","PBR(12MF)","A033500","동성화인텍","1.44361947115898","OK","265"
"2026-07-27","ALL","PBR(12MF)","A033640","네패스","1.57986948649938","OK","266"
"2026-07-27","ALL","PBR(12MF)","A033780","KT&G","1.7852786624623","OK","267"
"2026-07-27","ALL","PBR(12MF)","A033790","피노","","BLANK","268"
"2026-07-27","ALL","PBR(12MF)","A034020","두산에너빌리티","3.52309190453415","OK","269"
"2026-07-27","ALL","PBR(12MF)","A034220","LG디스플레이",".579636710683225","OK","270"
"2026-07-27","ALL","PBR(12MF)","A034230","파라다이스",".412551087420828","OK","271"
"2026-07-27","ALL","PBR(12MF)","A034310","NICE","","BLANK","272"
"2026-07-27","ALL","PBR(12MF)","A034730","SK",".4729225861778","OK","273"
"2026-07-27","ALL","PBR(12MF)","A034830","한국토지신탁",".252760368482704","OK","274"
"2026-07-27","ALL","PBR(12MF)","A034950","한국기업평가","","BLANK","275"
"2026-07-27","ALL","PBR(12MF)","A035250","강원랜드",".727305046751036","OK","276"
"2026-07-27","ALL","PBR(12MF)","A035420","NAVER","1.13584027668899","OK","277"
"2026-07-27","ALL","PBR(12MF)","A035600","KG이니시스",".316247438901375","OK","278"
"2026-07-27","ALL","PBR(12MF)","A035720","카카오","1.02671115828048","OK","279"
"2026-07-27","ALL","PBR(12MF)","A035760","CJ ENM",".19755837142335","OK","280"
"2026-07-27","ALL","PBR(12MF)","A035810","이지홀딩스","","BLANK","281"
"2026-07-27","ALL","PBR(12MF)","A035890","서희건설","","BLANK","282"
"2026-07-27","ALL","PBR(12MF)","A035900","JYP Ent.","2.18222233934908","OK","283"
"2026-07-27","ALL","PBR(12MF)","A036460","한국가스공사",".275177922504774","OK","284"
"2026-07-27","ALL","PBR(12MF)","A036530","SNT홀딩스",".311149763478465","OK","285"
"2026-07-27","ALL","PBR(12MF)","A036540","SFA반도체","1.70379728988322","OK","286"
"2026-07-27","ALL","PBR(12MF)","A036570","NC","1.29812463534301","OK","287"
"2026-07-27","ALL","PBR(12MF)","A036620","감성코퍼레이션","2.14700024235952","OK","288"
"2026-07-27","ALL","PBR(12MF)","A036800","나이스정보통신",".552264944467365","OK","289"
"2026-07-27","ALL","PBR(12MF)","A036810","에프에스티","","BLANK","290"
"2026-07-27","ALL","PBR(12MF)","A036830","솔브레인홀딩스","","BLANK","291"
"2026-07-27","ALL","PBR(12MF)","A036890","진성티이씨","","BLANK","292"
"2026-07-27","ALL","PBR(12MF)","A036930","주성엔지니어링","10.0578709547342","OK","293"
"2026-07-27","ALL","PBR(12MF)","A037460","삼지전자","","BLANK","294"
"2026-07-27","ALL","PBR(12MF)","A037710","광주신세계","","BLANK","295"
"2026-07-27","ALL","PBR(12MF)","A038500","삼표시멘트","","BLANK","296"
"2026-07-27","ALL","PBR(12MF)","A039030","이오테크닉스","4.58174542090926","OK","297"
"2026-07-27","ALL","PBR(12MF)","A039130","하나투어","2.12959957025913","OK","298"
"2026-07-27","ALL","PBR(12MF)","A039200","오스코텍","","BLANK","299"
"2026-07-27","ALL","PBR(12MF)","A039440","에스티아이",".917163523884046","OK","300"
"2026-07-27","ALL","PBR(12MF)","A039490","키움증권",".941401669790537","OK","301"
"2026-07-27","ALL","PBR(12MF)","A041190","우리기술투자","","BLANK","302"
"2026-07-27","ALL","PBR(12MF)","A041510","에스엠","1.13423545610698","OK","303"
"2026-07-27","ALL","PBR(12MF)","A041830","인바디","1.84015474041618","OK","304"
"2026-07-27","ALL","PBR(12MF)","A041960","코미팜","","BLANK","305"
"2026-07-27","ALL","PBR(12MF)","A042000","카페24","1.39975246296959","OK","306"
"2026-07-27","ALL","PBR(12MF)","A042520","한스바이오메드","2.84133218090675","OK","307"
"2026-07-27","ALL","PBR(12MF)","A042660","한화오션","3.15015234903248","OK","308"
"2026-07-27","ALL","PBR(12MF)","A042700","한미반도체","18.0666910752603","OK","309"
"2026-07-27","ALL","PBR(12MF)","A043150","바텍",".475656299337251","OK","310"
"2026-07-27","ALL","PBR(12MF)","A043260","성호전자","3.01723122398797","OK","311"
"2026-07-27","ALL","PBR(12MF)","A044490","태웅",".808706828553869","OK","312"
"2026-07-27","ALL","PBR(12MF)","A045100","한양이엔지","","BLANK","313"
"2026-07-27","ALL","PBR(12MF)","A046890","서울반도체","","BLANK","314"
"2026-07-27","ALL","PBR(12MF)","A047040","대우건설","1.57193533801053","OK","315"
"2026-07-27","ALL","PBR(12MF)","A047050","포스코인터내셔널","1.06057211310297","OK","316"
"2026-07-27","ALL","PBR(12MF)","A047810","한국항공우주","6.15354665714885","OK","317"
"2026-07-27","ALL","PBR(12MF)","A047920","HLB제약","","BLANK","318"
"2026-07-27","ALL","PBR(12MF)","A048410","현대바이오","","BLANK","319"
"2026-07-27","ALL","PBR(12MF)","A049070","인탑스",".396150200138896","OK","320"
"2026-07-27","ALL","PBR(12MF)","A050890","쏠리드","1.41470854197669","OK","321"
"2026-07-27","ALL","PBR(12MF)","A051500","CJ프레시웨이",".508705453616075","OK","322"
"2026-07-27","ALL","PBR(12MF)","A051600","한전KPS","1.38746441483985","OK","323"
"2026-07-27","ALL","PBR(12MF)","A051900","LG생활건강",".66523745080993","OK","324"
"2026-07-27","ALL","PBR(12MF)","A051910","LG화학",".381224795682891","OK","325"
"2026-07-27","ALL","PBR(12MF)","A052020","에스티큐브","","BLANK","326"
"2026-07-27","ALL","PBR(12MF)","A052400","코나아이","1.58944583573083","OK","327"
"2026-07-27","ALL","PBR(12MF)","A052690","한전기술","5.27468379186259","OK","328"
"2026-07-27","ALL","PBR(12MF)","A053610","프로텍","1.40254921496547","OK","329"
"2026-07-27","ALL","PBR(12MF)","A053800","안랩","","BLANK","330"
"2026-07-27","ALL","PBR(12MF)","A054950","제이브이엠",".989859536717595","OK","331"
"2026-07-27","ALL","PBR(12MF)","A055550","신한지주",".737617883129824","OK","332"
"2026-07-27","ALL","PBR(12MF)","A056080","유진로봇","","BLANK","333"
"2026-07-27","ALL","PBR(12MF)","A056190","SFA",".460432043765616","OK","334"
"2026-07-27","ALL","PBR(12MF)","A058430","포스코스틸리온",".639698193672729","OK","335"
"2026-07-27","ALL","PBR(12MF)","A058470","리노공업","5.65966083494149","OK","336"
"2026-07-27","ALL","PBR(12MF)","A058610","에스피지","5.96980025953789","OK","337"
"2026-07-27","ALL","PBR(12MF)","A058650","세아홀딩스",".160007154775552","OK","338"
"2026-07-27","ALL","PBR(12MF)","A059090","미코","","BLANK","339"
"2026-07-27","ALL","PBR(12MF)","A060250","NHN KCP","1.40449194288944","OK","340"
"2026-07-27","ALL","PBR(12MF)","A060280","큐렉소","","BLANK","341"
"2026-07-27","ALL","PBR(12MF)","A060370","LS마린솔루션","2.34016464888491","OK","342"
"2026-07-27","ALL","PBR(12MF)","A060980","HL홀딩스",".304143119095759","OK","343"
"2026-07-27","ALL","PBR(12MF)","A062040","산일전기","6.15055822940659","OK","344"
"2026-07-27","ALL","PBR(12MF)","A064260","다날","","BLANK","345"
"2026-07-27","ALL","PBR(12MF)","A064290","인텍플러스","5.89252919718545","OK","346"
"2026-07-27","ALL","PBR(12MF)","A064350","현대로템","3.42820602544833","OK","347"
"2026-07-27","ALL","PBR(12MF)","A064400","LG씨엔에스","1.87883233222722","OK","348"
"2026-07-27","ALL","PBR(12MF)","A064760","티씨케이","3.39691736448201","OK","349"
"2026-07-27","ALL","PBR(12MF)","A064820","케이프","","BLANK","350"
"2026-07-27","ALL","PBR(12MF)","A064960","SNT모티브",".636388832253268","OK","351"
"2026-07-27","ALL","PBR(12MF)","A065350","신성델타테크","","BLANK","352"
"2026-07-27","ALL","PBR(12MF)","A065680","우주일렉트로","","BLANK","353"
"2026-07-27","ALL","PBR(12MF)","A066570","LG전자",".8580869048743","OK","354"
"2026-07-27","ALL","PBR(12MF)","A066970","엘앤에프","4.64436632158437","OK","355"
"2026-07-27","ALL","PBR(12MF)","A067160","SOOP",".952687195839562","OK","356"
"2026-07-27","ALL","PBR(12MF)","A067310","하나마이크론","2.84118926387868","OK","357"
"2026-07-27","ALL","PBR(12MF)","A068270","셀트리온","2.14099645275463","OK","358"
"2026-07-27","ALL","PBR(12MF)","A068760","셀트리온제약","","BLANK","359"
"2026-07-27","ALL","PBR(12MF)","A069080","웹젠",".5267991864814","OK","360"
"2026-07-27","ALL","PBR(12MF)","A069260","TKG휴켐스",".631233648755083","OK","361"
"2026-07-27","ALL","PBR(12MF)","A069540","빛과전자","","BLANK","362"
"2026-07-27","ALL","PBR(12MF)","A069620","대웅제약","1.11878437763692","OK","363"
"2026-07-27","ALL","PBR(12MF)","A069960","현대백화점",".44541166760599","OK","364"
"2026-07-27","ALL","PBR(12MF)","A071050","한국금융지주",".811788683568154","OK","365"
"2026-07-27","ALL","PBR(12MF)","A071320","지역난방공사",".300859371161355","OK","366"
"2026-07-27","ALL","PBR(12MF)","A071970","HD현대마린엔진","3.48039877714889","OK","367"
"2026-07-27","ALL","PBR(12MF)","A072710","농심홀딩스","","BLANK","368"
"2026-07-27","ALL","PBR(12MF)","A073240","금호타이어",".668405463940172","OK","369"
"2026-07-27","ALL","PBR(12MF)","A074600","원익QnC","1.08835672662566","OK","370"
"2026-07-27","ALL","PBR(12MF)","A075580","세진중공업","","BLANK","371"
"2026-07-27","ALL","PBR(12MF)","A077360","덕산하이메탈","","BLANK","372"
"2026-07-27","ALL","PBR(12MF)","A077970","STX엔진","2.29195071604024","OK","373"
"2026-07-27","ALL","PBR(12MF)","A078020","LS증권","","BLANK","374"
"2026-07-27","ALL","PBR(12MF)","A078130","국일제지","","BLANK","375"
"2026-07-27","ALL","PBR(12MF)","A078160","메디포스트","","BLANK","376"
"2026-07-27","ALL","PBR(12MF)","A078340","컴투스",".298820917633336","OK","377"
"2026-07-27","ALL","PBR(12MF)","A078350","한양디지텍","","BLANK","378"
"2026-07-27","ALL","PBR(12MF)","A078520","에이블씨엔씨","2.32325677428684","OK","379"
"2026-07-27","ALL","PBR(12MF)","A078600","대주전자재료","4.12165957970189","OK","380"
"2026-07-27","ALL","PBR(12MF)","A078930","GS",".414937183125629","OK","381"
"2026-07-27","ALL","PBR(12MF)","A079160","CJ CGV","1.29914866884203","OK","382"
"2026-07-27","ALL","PBR(12MF)","A079370","제우스","","BLANK","383"
"2026-07-27","ALL","PBR(12MF)","A079550","LIG디펜스앤에어로스페이스","7.94496189239742","OK","384"
"2026-07-27","ALL","PBR(12MF)","A079900","전진건설로봇","2.43047199729568","OK","385"
"2026-07-27","ALL","PBR(12MF)","A079940","가비아","","BLANK","386"
"2026-07-27","ALL","PBR(12MF)","A080220","제주반도체","","BLANK","387"
"2026-07-27","ALL","PBR(12MF)","A080580","오킨스전자","","BLANK","388"
"2026-07-27","ALL","PBR(12MF)","A081660","미스토홀딩스",".816104559105606","OK","389"
"2026-07-27","ALL","PBR(12MF)","A082270","젬백스","","BLANK","390"
"2026-07-27","ALL","PBR(12MF)","A082640","동양생명","","BLANK","391"
"2026-07-27","ALL","PBR(12MF)","A082740","한화엔진","4.83694716106201","OK","392"
"2026-07-27","ALL","PBR(12MF)","A082920","비츠로셀","3.26918707446211","OK","393"
"2026-07-27","ALL","PBR(12MF)","A083450","GST","2.14727866383729","OK","394"
"2026-07-27","ALL","PBR(12MF)","A083650","비에이치아이","4.93286230240333","OK","395"
"2026-07-27","ALL","PBR(12MF)","A084010","대한제강",".284313843474899","OK","396"
"2026-07-27","ALL","PBR(12MF)","A084110","휴온스글로벌","","BLANK","397"
"2026-07-27","ALL","PBR(12MF)","A084370","유진테크","4.32521889499887","OK","398"
"2026-07-27","ALL","PBR(12MF)","A084690","대상홀딩스","","BLANK","399"
"2026-07-27","ALL","PBR(12MF)","A085620","미래에셋생명",".859052299067917","OK","400"
"2026-07-27","ALL","PBR(12MF)","A085660","차바이오텍","","BLANK","401"
"2026-07-27","ALL","PBR(12MF)","A086280","현대글로비스","1.25346542297773","OK","402"
"2026-07-27","ALL","PBR(12MF)","A086450","동국제약",".973571092776059","OK","403"
"2026-07-27","ALL","PBR(12MF)","A086520","에코프로","","BLANK","404"
"2026-07-27","ALL","PBR(12MF)","A086790","하나금융지주",".703137925352941","OK","405"
"2026-07-27","ALL","PBR(12MF)","A086900","메디톡스","1.098280136544","OK","406"
"2026-07-27","ALL","PBR(12MF)","A087010","펩트론","","BLANK","407"
"2026-07-27","ALL","PBR(12MF)","A088350","한화생명",".228559873938361","OK","408"
"2026-07-27","ALL","PBR(12MF)","A089010","켐트로닉스","1.14733459284113","OK","409"
"2026-07-27","ALL","PBR(12MF)","A089030","테크윙","5.37772856315553","OK","410"
"2026-07-27","ALL","PBR(12MF)","A089590","제주항공","1.31887494300951","OK","411"
"2026-07-27","ALL","PBR(12MF)","A089860","롯데렌탈",".844065500412868","OK","412"
"2026-07-27","ALL","PBR(12MF)","A089890","코세스","","BLANK","413"
"2026-07-27","ALL","PBR(12MF)","A089970","브이엠","6.83836796276653","OK","414"
"2026-07-27","ALL","PBR(12MF)","A090360","로보스타","","BLANK","415"
"2026-07-27","ALL","PBR(12MF)","A090430","아모레퍼시픽","1.23917042132786","OK","416"
"2026-07-27","ALL","PBR(12MF)","A090460","비에이치",".612236390502892","OK","417"
"2026-07-27","ALL","PBR(12MF)","A090710","휴림로봇","","BLANK","418"
"2026-07-27","ALL","PBR(12MF)","A091700","파트론",".489080115181818","OK","419"
"2026-07-27","ALL","PBR(12MF)","A091810","트리니티항공","-121.145712541959","OK","420"
"2026-07-27","ALL","PBR(12MF)","A092190","서울바이오시스","","BLANK","421"
"2026-07-27","ALL","PBR(12MF)","A092230","KPX홀딩스","","BLANK","422"
"2026-07-27","ALL","PBR(12MF)","A092460","한라IMS","","BLANK","423"
"2026-07-27","ALL","PBR(12MF)","A092730","네오팜","1.37262457663038","OK","424"
"2026-07-27","ALL","PBR(12MF)","A092790","넥스틸","","BLANK","425"
"2026-07-27","ALL","PBR(12MF)","A093050","LF","","BLANK","426"
"2026-07-27","ALL","PBR(12MF)","A093320","케이아이엔엑스","","BLANK","427"
"2026-07-27","ALL","PBR(12MF)","A093370","후성","2.5186305111107","OK","428"
"2026-07-27","ALL","PBR(12MF)","A094170","동운아나텍","7.68828692723275","OK","429"
"2026-07-27","ALL","PBR(12MF)","A095340","ISC","4.45044004824149","OK","430"
"2026-07-27","ALL","PBR(12MF)","A095610","테스","5.41730151588608","OK","431"
"2026-07-27","ALL","PBR(12MF)","A095660","네오위즈",".659290434341647","OK","432"
"2026-07-27","ALL","PBR(12MF)","A096530","씨젠","1.32079501756479","OK","433"
"2026-07-27","ALL","PBR(12MF)","A096760","JW홀딩스","","BLANK","434"
"2026-07-27","ALL","PBR(12MF)","A096770","SK이노베이션",".517507620258433","OK","435"
"2026-07-27","ALL","PBR(12MF)","A097230","HJ중공업","1.68602121202792","OK","436"
"2026-07-27","ALL","PBR(12MF)","A097520","엠씨넥스",".732016836412928","OK","437"
"2026-07-27","ALL","PBR(12MF)","A097950","CJ제일제당",".245132059379655","OK","438"
"2026-07-27","ALL","PBR(12MF)","A098070","한텍","","BLANK","439"
"2026-07-27","ALL","PBR(12MF)","A098460","고영","4.81846122364104","OK","440"
"2026-07-27","ALL","PBR(12MF)","A099190","아이센스","1.38576639820065","OK","441"
"2026-07-27","ALL","PBR(12MF)","A099320","쎄트렉아이","3.24347102680264","OK","442"
"2026-07-27","ALL","PBR(12MF)","A100090","SK오션플랜트","1.05570917075331","OK","443"
"2026-07-27","ALL","PBR(12MF)","A100790","미래에셋벤처투자","","BLANK","444"
"2026-07-27","ALL","PBR(12MF)","A100840","SNT에너지","1.13777025334974","OK","445"
"2026-07-27","ALL","PBR(12MF)","A101160","월덱스","","BLANK","446"
"2026-07-27","ALL","PBR(12MF)","A101490","에스앤에스텍","","BLANK","447"
"2026-07-27","ALL","PBR(12MF)","A101730","위메이드맥스","","BLANK","448"
"2026-07-27","ALL","PBR(12MF)","A101930","인화정공","","BLANK","449"
"2026-07-27","ALL","PBR(12MF)","A102710","이엔에프테크놀로지","1.17522677962399","OK","450"
"2026-07-27","ALL","PBR(12MF)","A103140","풍산",".705247292985891","OK","451"
"2026-07-27","ALL","PBR(12MF)","A103590","일진전기","3.88665584969356","OK","452"
"2026-07-27","ALL","PBR(12MF)","A104700","한국철강",".440722057151019","OK","453"
"2026-07-27","ALL","PBR(12MF)","A104830","원익머트리얼즈",".696124465284367","OK","454"
"2026-07-27","ALL","PBR(12MF)","A105560","KB금융",".903490651394371","OK","455"
"2026-07-27","ALL","PBR(12MF)","A105630","한세실업",".468605238077844","OK","456"
"2026-07-27","ALL","PBR(12MF)","A105840","우진","1.10460627225602","OK","457"
"2026-07-27","ALL","PBR(12MF)","A107640","한중엔시에스","2.49373774480926","OK","458"
"2026-07-27","ALL","PBR(12MF)","A108320","LX세미콘",".519856741679285","OK","459"
"2026-07-27","ALL","PBR(12MF)","A108490","로보티즈","8.94000090579674","OK","460"
"2026-07-27","ALL","PBR(12MF)","A108670","LX하우시스",".332527127099478","OK","461"
"2026-07-27","ALL","PBR(12MF)","A110990","디아이티","","BLANK","462"
"2026-07-27","ALL","PBR(12MF)","A111770","영원무역",".814899426074348","OK","463"
"2026-07-27","ALL","PBR(12MF)","A112040","위메이드",".607680357366173","OK","464"
"2026-07-27","ALL","PBR(12MF)","A112610","씨에스윈드","1.19614624327706","OK","465"
"2026-07-27","ALL","PBR(12MF)","A114090","GKL","1.18100315141712","OK","466"
"2026-07-27","ALL","PBR(12MF)","A114810","한솔아이원스","","BLANK","467"
"2026-07-27","ALL","PBR(12MF)","A115180","큐리언트","","BLANK","468"
"2026-07-27","ALL","PBR(12MF)","A117730","티로보틱스","","BLANK","469"
"2026-07-27","ALL","PBR(12MF)","A119850","지엔씨에너지","2.22399723953702","OK","470"
"2026-07-27","ALL","PBR(12MF)","A120110","코오롱인더",".379072172102635","OK","471"
"2026-07-27","ALL","PBR(12MF)","A121440","골프존홀딩스","","BLANK","472"
"2026-07-27","ALL","PBR(12MF)","A121600","나노신소재","1.98947379897521","OK","473"
"2026-07-27","ALL","PBR(12MF)","A121800","비덴트","","BLANK","474"
"2026-07-27","ALL","PBR(12MF)","A122640","예스티","2.68035249361847","OK","475"
"2026-07-27","ALL","PBR(12MF)","A122870","와이지엔터테인먼트","1.10290109322638","OK","476"
"2026-07-27","ALL","PBR(12MF)","A123890","한국자산신탁","","BLANK","477"
"2026-07-27","ALL","PBR(12MF)","A124500","아이티센글로벌","","BLANK","478"
"2026-07-27","ALL","PBR(12MF)","A125490","한라캐스트","2.44818303770347","OK","479"
"2026-07-27","ALL","PBR(12MF)","A126340","비나텍","4.82560917919338","OK","480"
"2026-07-27","ALL","PBR(12MF)","A126560","현대퓨처넷","","BLANK","481"
"2026-07-27","ALL","PBR(12MF)","A126720","수산인더스트리",".51765192186728","OK","482"
"2026-07-27","ALL","PBR(12MF)","A127120","제이에스링크","","BLANK","483"
"2026-07-27","ALL","PBR(12MF)","A128940","한미약품","3.02415892292924","OK","484"
"2026-07-27","ALL","PBR(12MF)","A130660","한전산업","","BLANK","485"
"2026-07-27","ALL","PBR(12MF)","A131290","티에스이","3.72480947943541","OK","486"
"2026-07-27","ALL","PBR(12MF)","A131970","두산테스나","3.06469712482345","OK","487"
"2026-07-27","ALL","PBR(12MF)","A136480","하림","","BLANK","488"
"2026-07-27","ALL","PBR(12MF)","A137310","에스디바이오센서","","BLANK","489"
"2026-07-27","ALL","PBR(12MF)","A137400","피엔티","","BLANK","490"
"2026-07-27","ALL","PBR(12MF)","A138040","메리츠금융지주","1.52879218572466","OK","491"
"2026-07-27","ALL","PBR(12MF)","A138930","BNK금융지주",".463937239562472","OK","492"
"2026-07-27","ALL","PBR(12MF)","A139130","iM금융지주",".412506044199576","OK","493"
"2026-07-27","ALL","PBR(12MF)","A139480","이마트",".164090138191859","OK","494"
"2026-07-27","ALL","PBR(12MF)","A140410","메지온","","BLANK","495"
"2026-07-27","ALL","PBR(12MF)","A140860","파크시스템스","6.38966312874519","OK","496"
"2026-07-27","ALL","PBR(12MF)","A141080","리가켐바이오","7.32847190827703","OK","497"
"2026-07-27","ALL","PBR(12MF)","A144960","뉴파워프라즈마",".9584469890412","OK","498"
"2026-07-27","ALL","PBR(12MF)","A145020","휴젤","2.52381650727624","OK","499"
"2026-07-27","ALL","PBR(12MF)","A145720","덴티움",".546877570847385","OK","500"
"2026-07-27","ALL","PBR(12MF)","A145990","삼양사","","BLANK","501"
"2026-07-27","ALL","PBR(12MF)","A151860","KG에코솔루션","","BLANK","502"
"2026-07-27","ALL","PBR(12MF)","A160190","하이젠알앤엠","","BLANK","503"
"2026-07-27","ALL","PBR(12MF)","A160980","싸이맥스","","BLANK","504"
"2026-07-27","ALL","PBR(12MF)","A161000","애경케미칼","","BLANK","505"
"2026-07-27","ALL","PBR(12MF)","A161390","한국타이어앤테크놀로지",".553073266793269","OK","506"
"2026-07-27","ALL","PBR(12MF)","A161580","필옵틱스","","BLANK","507"
"2026-07-27","ALL","PBR(12MF)","A161890","한국콜마","1.30082633618927","OK","508"
"2026-07-27","ALL","PBR(12MF)","A166090","하나머티리얼즈","1.99915552489441","OK","509"
"2026-07-27","ALL","PBR(12MF)","A168360","펨트론","","BLANK","510"
"2026-07-27","ALL","PBR(12MF)","A170900","동아에스티",".520950124667463","OK","511"
"2026-07-27","ALL","PBR(12MF)","A170920","엘티씨","1.65227634756455","OK","512"
"2026-07-27","ALL","PBR(12MF)","A171090","선익시스템","2.58608566738472","OK","513"
"2026-07-27","ALL","PBR(12MF)","A174900","앱클론","","BLANK","514"
"2026-07-27","ALL","PBR(12MF)","A175330","JB금융지주",".770582481321779","OK","515"
"2026-07-27","ALL","PBR(12MF)","A178320","서진시스템","2.83013020875075","OK","516"
"2026-07-27","ALL","PBR(12MF)","A178920","PI첨단소재","1.36507173736667","OK","517"
"2026-07-27","ALL","PBR(12MF)","A180640","한진칼","","BLANK","518"
"2026-07-27","ALL","PBR(12MF)","A181710","NHN",".69146019143493","OK","519"
"2026-07-27","ALL","PBR(12MF)","A182400","엔케이젠바이오텍코리아","","BLANK","520"
"2026-07-27","ALL","PBR(12MF)","A183190","아세아시멘트",".286758248044087","OK","521"
"2026-07-27","ALL","PBR(12MF)","A183300","코미코","2.91438513369204","OK","522"
"2026-07-27","ALL","PBR(12MF)","A185750","종근당",".877701781061599","OK","523"
"2026-07-27","ALL","PBR(12MF)","A189300","인텔리안테크","2.11951270122776","OK","524"
"2026-07-27","ALL","PBR(12MF)","A192080","더블유게임즈",".694234488821793","OK","525"
"2026-07-27","ALL","PBR(12MF)","A192400","쿠쿠홀딩스",".622865525367125","OK","526"
"2026-07-27","ALL","PBR(12MF)","A192650","드림텍",".55554643247333","OK","527"
"2026-07-27","ALL","PBR(12MF)","A192820","코스맥스","2.8009530942188","OK","528"
"2026-07-27","ALL","PBR(12MF)","A194370","제이에스코퍼레이션",".559310486751035","OK","529"
"2026-07-27","ALL","PBR(12MF)","A195870","해성디에스","1.36942163017104","OK","530"
"2026-07-27","ALL","PBR(12MF)","A195940","HK이노엔",".774651581620392","OK","531"
"2026-07-27","ALL","PBR(12MF)","A196170","알테오젠","20.8308139169946","OK","532"
"2026-07-27","ALL","PBR(12MF)","A199800","툴젠","","BLANK","533"
"2026-07-27","ALL","PBR(12MF)","A200670","휴메딕스",".815996577264351","OK","534"
"2026-07-27","ALL","PBR(12MF)","A200710","에이디테크놀로지","2.3628177518756","OK","535"
"2026-07-27","ALL","PBR(12MF)","A200880","서연이화","","BLANK","536"
"2026-07-27","ALL","PBR(12MF)","A204270","제이앤티씨","2.27532633709024","OK","537"
"2026-07-27","ALL","PBR(12MF)","A204320","HL만도",".679134929962832","OK","538"
"2026-07-27","ALL","PBR(12MF)","A204620","글로벌텍스프리","","BLANK","539"
"2026-07-27","ALL","PBR(12MF)","A206650","유바이오로직스","","BLANK","540"
"2026-07-27","ALL","PBR(12MF)","A207940","삼성바이오로직스","7.16687312487266","OK","541"
"2026-07-27","ALL","PBR(12MF)","A211050","인카금융서비스","","BLANK","542"
"2026-07-27","ALL","PBR(12MF)","A213420","덕산네오룩스","1.3513976872991","OK","543"
"2026-07-27","ALL","PBR(12MF)","A214150","클래시스","3.92234786067969","OK","544"
"2026-07-27","ALL","PBR(12MF)","A214320","이노션",".638152399972793","OK","545"
"2026-07-27","ALL","PBR(12MF)","A214370","케어젠","","BLANK","546"
"2026-07-27","ALL","PBR(12MF)","A214430","아이쓰리시스템","2.86495454457839","OK","547"
"2026-07-27","ALL","PBR(12MF)","A214450","파마리서치","4.05210257741739","OK","548"
"2026-07-27","ALL","PBR(12MF)","A215200","메가스터디교육",".695273855880546","OK","549"
"2026-07-27","ALL","PBR(12MF)","A215600","신라젠","","BLANK","550"
"2026-07-27","ALL","PBR(12MF)","A217590","티엠씨","2.50548678420772","OK","551"
"2026-07-27","ALL","PBR(12MF)","A218410","RFHIC","2.51872099488441","OK","552"
"2026-07-27","ALL","PBR(12MF)","A219130","타이거일렉","5.05661523662732","OK","553"
"2026-07-27","ALL","PBR(12MF)","A222080","SFA넥셀","","BLANK","554"
"2026-07-27","ALL","PBR(12MF)","A222800","심텍","4.41101608191982","OK","555"
"2026-07-27","ALL","PBR(12MF)","A225570","넥슨게임즈","","BLANK","556"
"2026-07-27","ALL","PBR(12MF)","A226950","올릭스","","BLANK","557"
"2026-07-27","ALL","PBR(12MF)","A228760","지노믹트리","","BLANK","558"
"2026-07-27","ALL","PBR(12MF)","A229640","LS에코에너지","4.8074238016254","OK","559"
"2026-07-27","ALL","PBR(12MF)","A232140","와이씨","1.50171877059465","OK","560"
"2026-07-27","ALL","PBR(12MF)","A234340","헥토파이낸셜","","BLANK","561"
"2026-07-27","ALL","PBR(12MF)","A236200","슈프리마","1.06887118217736","OK","562"
"2026-07-27","ALL","PBR(12MF)","A237690","에스티팜","3.00079898507458","OK","563"
"2026-07-27","ALL","PBR(12MF)","A240810","원익IPS","4.40770558479921","OK","564"
"2026-07-27","ALL","PBR(12MF)","A241560","두산밥캣",".752737635577949","OK","565"
"2026-07-27","ALL","PBR(12MF)","A241710","코스메카코리아","2.24650525804173","OK","566"
"2026-07-27","ALL","PBR(12MF)","A241770","메카로","","BLANK","567"
"2026-07-27","ALL","PBR(12MF)","A243070","휴온스","","BLANK","568"
"2026-07-27","ALL","PBR(12MF)","A244920","에이플러스에셋","","BLANK","569"
"2026-07-27","ALL","PBR(12MF)","A247540","에코프로비엠","5.17521955322069","OK","570"
"2026-07-27","ALL","PBR(12MF)","A248070","솔루엠","1.10442319635677","OK","571"
"2026-07-27","ALL","PBR(12MF)","A249420","일동제약","1.54071363360711","OK","572"
"2026-07-27","ALL","PBR(12MF)","A251270","넷마블",".522821105820971","OK","573"
"2026-07-27","ALL","PBR(12MF)","A251970","펌텍코리아","1.49507753693671","OK","574"
"2026-07-27","ALL","PBR(12MF)","A252990","샘씨엔에스","3.72603792685344","OK","575"
"2026-07-27","ALL","PBR(12MF)","A253450","스튜디오드래곤",".772470408467645","OK","576"
"2026-07-27","ALL","PBR(12MF)","A253590","네오셈","","BLANK","577"
"2026-07-27","ALL","PBR(12MF)","A257720","실리콘투","3.51450243106693","OK","578"
"2026-07-27","ALL","PBR(12MF)","A259960","크래프톤","1.36866394573529","OK","579"
"2026-07-27","ALL","PBR(12MF)","A263750","펄어비스","2.12595924547108","OK","580"
"2026-07-27","ALL","PBR(12MF)","A265520","AP시스템","","BLANK","581"
"2026-07-27","ALL","PBR(12MF)","A267250","HD현대",".508601093751728","OK","582"
"2026-07-27","ALL","PBR(12MF)","A267260","HD현대일렉트릭","9.14693320026791","OK","583"
"2026-07-27","ALL","PBR(12MF)","A267270","HD건설기계","2.55310910803195","OK","584"
"2026-07-27","ALL","PBR(12MF)","A267980","매일유업",".368238480516169","OK","585"
"2026-07-27","ALL","PBR(12MF)","A268280","미원에스씨","","BLANK","586"
"2026-07-27","ALL","PBR(12MF)","A271560","오리온","1.16221634078449","OK","587"
"2026-07-27","ALL","PBR(12MF)","A271940","일진하이솔루스","","BLANK","588"
"2026-07-27","ALL","PBR(12MF)","A272210","한화시스템","2.23069895884638","OK","589"
"2026-07-27","ALL","PBR(12MF)","A272290","이녹스첨단소재",".697245358819842","OK","590"
"2026-07-27","ALL","PBR(12MF)","A272450","진에어","1.13962818294575","OK","591"
"2026-07-27","ALL","PBR(12MF)","A277810","레인보우로보틱스","54.7051976465115","OK","592"
"2026-07-27","ALL","PBR(12MF)","A278280","천보",".884652800404364","OK","593"
"2026-07-27","ALL","PBR(12MF)","A278470","에이피알","11.7787981378542","OK","594"
"2026-07-27","ALL","PBR(12MF)","A279570","케이뱅크","1.04692995352977","OK","595"
"2026-07-27","ALL","PBR(12MF)","A280360","롯데웰푸드",".394289495360142","OK","596"
"2026-07-27","ALL","PBR(12MF)","A281740","레이크머티리얼즈","","BLANK","597"
"2026-07-27","ALL","PBR(12MF)","A281820","케이씨텍","2.22669673351942","OK","598"
"2026-07-27","ALL","PBR(12MF)","A282330","BGF리테일","1.39576968642286","OK","599"
"2026-07-27","ALL","PBR(12MF)","A284740","쿠쿠홈시스","","BLANK","600"
"2026-07-27","ALL","PBR(12MF)","A285130","SK케미칼",".212712237187617","OK","601"
"2026-07-27","ALL","PBR(12MF)","A286940","롯데이노베이트",".545901070824457","OK","602"
"2026-07-27","ALL","PBR(12MF)","A287840","인투셀","","BLANK","603"
"2026-07-27","ALL","PBR(12MF)","A290550","디케이티","1.68080196843993","OK","604"
"2026-07-27","ALL","PBR(12MF)","A290650","엘앤씨바이오","6.24263937547187","OK","605"
"2026-07-27","ALL","PBR(12MF)","A293490","카카오게임즈",".74134859943928","OK","606"
"2026-07-27","ALL","PBR(12MF)","A294870","IPARK현대산업개발",".377390031059964","OK","607"
"2026-07-27","ALL","PBR(12MF)","A295310","에이치브이엠","4.37737793393371","OK","608"
"2026-07-27","ALL","PBR(12MF)","A298020","효성티앤씨",".632329913797026","OK","609"
"2026-07-27","ALL","PBR(12MF)","A298040","효성중공업","7.01015285910638","OK","610"
"2026-07-27","ALL","PBR(12MF)","A298050","HS효성첨단소재",".796757618325232","OK","611"
"2026-07-27","ALL","PBR(12MF)","A298380","에이비엘바이오","37.498147367544","OK","612"
"2026-07-27","ALL","PBR(12MF)","A300720","한일시멘트",".53430655169156","OK","613"
"2026-07-27","ALL","PBR(12MF)","A302440","SK바이오사이언스","1.38868274579018","OK","614"
"2026-07-27","ALL","PBR(12MF)","A306200","세아제강",".320659039272302","OK","615"
"2026-07-27","ALL","PBR(12MF)","A307950","현대오토에버","5.09803229078592","OK","616"
"2026-07-27","ALL","PBR(12MF)","A309710","아이티켐","","BLANK","617"
"2026-07-27","ALL","PBR(12MF)","A310210","보로노이","","BLANK","618"
"2026-07-27","ALL","PBR(12MF)","A314930","바이오다인","","BLANK","619"
"2026-07-27","ALL","PBR(12MF)","A316140","우리금융지주",".557175022720223","OK","620"
"2026-07-27","ALL","PBR(12MF)","A317400","자이에스앤디",".364174660879871","OK","621"
"2026-07-27","ALL","PBR(12MF)","A317450","명인제약","","BLANK","622"
"2026-07-27","ALL","PBR(12MF)","A319400","현대무벡스","","BLANK","623"
"2026-07-27","ALL","PBR(12MF)","A319660","피에스케이","5.92484271654104","OK","624"
"2026-07-27","ALL","PBR(12MF)","A322000","HD현대에너지솔루션","2.6636619313747","OK","625"
"2026-07-27","ALL","PBR(12MF)","A323280","태성","","BLANK","626"
"2026-07-27","ALL","PBR(12MF)","A323410","카카오뱅크","1.43616514059835","OK","627"
"2026-07-27","ALL","PBR(12MF)","A326030","SK바이오팜","5.33105573785082","OK","628"
"2026-07-27","ALL","PBR(12MF)","A327260","RF머트리얼즈","","BLANK","629"
"2026-07-27","ALL","PBR(12MF)","A328130","루닛","7.2535150945568","OK","630"
"2026-07-27","ALL","PBR(12MF)","A329180","HD현대중공업","4.00557770248359","OK","631"
"2026-07-27","ALL","PBR(12MF)","A330860","네패스아크","1.75596078165221","OK","632"
"2026-07-27","ALL","PBR(12MF)","A332570","PS일렉트로닉스","2.02305343601367","OK","633"
"2026-07-27","ALL","PBR(12MF)","A336260","두산퓨얼셀","5.81357050258883","OK","634"
"2026-07-27","ALL","PBR(12MF)","A336370","솔루스첨단소재",".480386239630576","OK","635"
"2026-07-27","ALL","PBR(12MF)","A336570","원텍","2.18138681276387","OK","636"
"2026-07-27","ALL","PBR(12MF)","A340570","티앤엘","1.85255100174721","OK","637"
"2026-07-27","ALL","PBR(12MF)","A344820","KCC글라스","","BLANK","638"
"2026-07-27","ALL","PBR(12MF)","A347700","스피어","7.65613011514416","OK","639"
"2026-07-27","ALL","PBR(12MF)","A347850","디앤디파마텍","","BLANK","640"
"2026-07-27","ALL","PBR(12MF)","A348210","넥스틴","2.0258386875055","OK","641"
"2026-07-27","ALL","PBR(12MF)","A348340","뉴로메카","","BLANK","642"
"2026-07-27","ALL","PBR(12MF)","A348370","엔켐","","BLANK","643"
"2026-07-27","ALL","PBR(12MF)","A352480","씨앤씨인터내셔널",".688532752202647","OK","644"
"2026-07-27","ALL","PBR(12MF)","A352820","하이브","2.50533846054256","OK","645"
"2026-07-27","ALL","PBR(12MF)","A353200","대덕전자","4.70179366385547","OK","646"
"2026-07-27","ALL","PBR(12MF)","A356680","엑스게이트","","BLANK","647"
"2026-07-27","ALL","PBR(12MF)","A356860","티엘비","2.23295073567723","OK","648"
"2026-07-27","ALL","PBR(12MF)","A357780","솔브레인","1.67913073529094","OK","649"
"2026-07-27","ALL","PBR(12MF)","A358570","지아이이노베이션","","BLANK","650"
"2026-07-27","ALL","PBR(12MF)","A361610","SK아이이테크놀로지",".476480315404715","OK","651"
"2026-07-27","ALL","PBR(12MF)","A365340","성일하이텍","2.2886775392967","OK","652"
"2026-07-27","ALL","PBR(12MF)","A368770","파이버프로","","BLANK","653"
"2026-07-27","ALL","PBR(12MF)","A372320","큐로셀","-225.989223821211","OK","654"
"2026-07-27","ALL","PBR(12MF)","A373220","LG에너지솔루션","2.55528530731312","OK","655"
"2026-07-27","ALL","PBR(12MF)","A375500","DL이앤씨",".437294780526999","OK","656"
"2026-07-27","ALL","PBR(12MF)","A376270","HEM파마","8.68596950602792","OK","657"
"2026-07-27","ALL","PBR(12MF)","A376300","디어유","1.92848057168879","OK","658"
"2026-07-27","ALL","PBR(12MF)","A376900","로킷헬스케어","","BLANK","659"
"2026-07-27","ALL","PBR(12MF)","A377300","카카오페이","2.90109011182055","OK","660"
"2026-07-27","ALL","PBR(12MF)","A377460","큐에이드","","BLANK","661"
"2026-07-27","ALL","PBR(12MF)","A377740","바이오노트","","BLANK","662"
"2026-07-27","ALL","PBR(12MF)","A381970","케이카","1.32895736513905","OK","663"
"2026-07-27","ALL","PBR(12MF)","A383220","F&F","1.26066103984619","OK","664"
"2026-07-27","ALL","PBR(12MF)","A383310","에코프로에이치엔","1.52180529439387","OK","665"
"2026-07-27","ALL","PBR(12MF)","A383800","LX홀딩스",".27811359332773","OK","666"
"2026-07-27","ALL","PBR(12MF)","A388210","씨엠티엑스","3.12173944139388","OK","667"
"2026-07-27","ALL","PBR(12MF)","A388720","유일로보틱스","","BLANK","668"
"2026-07-27","ALL","PBR(12MF)","A389260","대명에너지","","BLANK","669"
"2026-07-27","ALL","PBR(12MF)","A389470","인벤티지랩","","BLANK","670"
"2026-07-27","ALL","PBR(12MF)","A389650","넥스트바이오메디컬","6.56302598758124","OK","671"
"2026-07-27","ALL","PBR(12MF)","A393890","더블유씨피","","BLANK","672"
"2026-07-27","ALL","PBR(12MF)","A394280","오픈엣지테크놀로지","13.1768713814548","OK","673"
"2026-07-27","ALL","PBR(12MF)","A397030","에이프릴바이오","5.57713424560227","OK","674"
"2026-07-27","ALL","PBR(12MF)","A399720","가온칩스","","BLANK","675"
"2026-07-27","ALL","PBR(12MF)","A402340","SK스퀘어","1.96869282768204","OK","676"
"2026-07-27","ALL","PBR(12MF)","A403550","쏘카","2.11634541037349","OK","677"
"2026-07-27","ALL","PBR(12MF)","A403870","HPSP","6.97499951265465","OK","678"
"2026-07-27","ALL","PBR(12MF)","A417200","LS머트리얼즈","","BLANK","679"
"2026-07-27","ALL","PBR(12MF)","A417840","저스템","","BLANK","680"
"2026-07-27","ALL","PBR(12MF)","A419530","SAMG엔터","2.46158697452758","OK","681"
"2026-07-27","ALL","PBR(12MF)","A420770","기가비스","5.58819482193486","OK","682"
"2026-07-27","ALL","PBR(12MF)","A424870","이뮨온시아","","BLANK","683"
"2026-07-27","ALL","PBR(12MF)","A425420","티에프이","2.80674794731679","OK","684"
"2026-07-27","ALL","PBR(12MF)","A437730","삼현","","BLANK","685"
"2026-07-27","ALL","PBR(12MF)","A439090","마녀공장","","BLANK","686"
"2026-07-27","ALL","PBR(12MF)","A439260","대한조선","1.36402236446154","OK","687"
"2026-07-27","ALL","PBR(12MF)","A439960","코스모로보틱스","","BLANK","688"
"2026-07-27","ALL","PBR(12MF)","A440110","파두","16.5870471517981","OK","689"
"2026-07-27","ALL","PBR(12MF)","A441270","파인엠텍","1.11451931860976","OK","690"
"2026-07-27","ALL","PBR(12MF)","A443060","HD현대마린솔루션","7.3948155954496","OK","691"
"2026-07-27","ALL","PBR(12MF)","A445680","큐리옥스바이오시스템즈","","BLANK","692"
"2026-07-27","ALL","PBR(12MF)","A448900","한국피아이엠","","BLANK","693"
"2026-07-27","ALL","PBR(12MF)","A450080","에코프로머티","","BLANK","694"
"2026-07-27","ALL","PBR(12MF)","A452260","한화갤러리아","","BLANK","695"
"2026-07-27","ALL","PBR(12MF)","A453340","현대그린푸드",".713298068753908","OK","696"
"2026-07-27","ALL","PBR(12MF)","A454910","두산로보틱스","11.7371071283254","OK","697"
"2026-07-27","ALL","PBR(12MF)","A455900","엔젤로보틱스","","BLANK","698"
"2026-07-27","ALL","PBR(12MF)","A456040","OCI",".489955808959519","OK","699"
"2026-07-27","ALL","PBR(12MF)","A456160","지투지바이오","","BLANK","700"
"2026-07-27","ALL","PBR(12MF)","A457190","이수스페셜티케미컬","","BLANK","701"
"2026-07-27","ALL","PBR(12MF)","A458870","씨어스","9.37653337201722","OK","702"
"2026-07-27","ALL","PBR(12MF)","A460860","동국제강",".236532955266916","OK","703"
"2026-07-27","ALL","PBR(12MF)","A460930","현대힘스","","BLANK","704"
"2026-07-27","ALL","PBR(12MF)","A462870","시프트업","1.73690852283181","OK","705"
"2026-07-27","ALL","PBR(12MF)","A466100","클로봇","","BLANK","706"
"2026-07-27","ALL","PBR(12MF)","A475150","SK이터닉스","6.16873760837872","OK","707"
"2026-07-27","ALL","PBR(12MF)","A475830","오름테라퓨틱","","BLANK","708"
"2026-07-27","ALL","PBR(12MF)","A475960","토모큐브","10.4265008870597","OK","709"
"2026-07-27","ALL","PBR(12MF)","A476060","온코닉테라퓨틱스","4.608966270871","OK","710"
"2026-07-27","ALL","PBR(12MF)","A476830","알지노믹스","","BLANK","711"
"2026-07-27","ALL","PBR(12MF)","A477850","마키나락스","","BLANK","712"
"2026-07-27","ALL","PBR(12MF)","A482630","삼양엔씨켐","1.83962500043923","OK","713"
"2026-07-27","ALL","PBR(12MF)","A483650","달바글로벌","9.20719064572085","OK","714"
"2026-07-27","ALL","PBR(12MF)","A484590","삼양컴텍","","BLANK","715"
"2026-07-27","ALL","PBR(12MF)","A486990","노타","17.8841005926951","OK","716"
"2026-07-27","ALL","PBR(12MF)","A488900","비츠로넥스텍","","BLANK","717"
"2026-07-27","ALL","PBR(12MF)","A489790","한화비전","2.01026466165622","OK","718"
"2026-07-27","ALL","PBR(12MF)","A490470","세미파이브","2.57355321107109","OK","719"
"2026-07-27","ALL","PBR(12MF)","A491000","리브스메드","5.32844239871301","OK","720"
"2026-07-27","ALL","PBR(12MF)","A493280","아이엠바이오로직스","","BLANK","721"
"2026-07-27","ALL","PBR(12MF)","A499790","GS피앤엘",".569968750792796","OK","722"
"2026-07-27","ALL","PBR(12MF)","A950160","코오롱티슈진","81.1342916229512","OK","723"
"2026-07-27","ALL","PBR(12MF)","A950170","JTC","","BLANK","724"
"2026-07-27","ALL","PBR(12MF)","A950210","프레스티지바이오파마","","BLANK","725"
